part, mode, altitude, latitude, longitude, accelerometer_x, accelerometer_y, accelerometer_z, yaw, pitch, roll, magnetometer_x, magnetometer_y, magnetometer_z, gps_altitude, kalman_altitude, kalman_velocity, ematch_status, temperature, timestamp
Booster, Armed, 1300.01, 32.9893001, -106.9730499, 1, 2, 3, 0.0004, 0.0006, 0.000054, 4, 5, 6, 2299, 1298, 1, 2, undefined, 1493685003824
Sustainer, Armed, 1300.001, 32.9893001, -106.9730499, 1, 2, 3, 0.0004, 0.0006, 0.000054, 4, 5, 6, 3298, 2298, 1, 2, undefined, 1493685003825
Booster, Armed, 1300.02, 32.9893002, -106.97304980000001, 2, 4, 6, 0.0008, 0.0012, 0.000108, 8, 10, 12, 3298, 2296, 2, 4, undefined, 1493685003927
Sustainer, Armed, 1300.002, 32.9893002, -106.97304980000001, 2, 4, 6, 0.0008, 0.0012, 0.000108, 8, 10, 12, 4296, 3296, 2, 4, undefined, 1493685003927
Booster, Armed, 1300.03, 32.989300300000004, -106.97304970000002, 3, 6, 9, 0.0012000000000000001, 0.0018, 0.00016199999999999998, 12, 15, 18, 4297, 3294, 3, 6, undefined, 1493685004028
Sustainer, Armed, 1300.003, 32.989300300000004, -106.97304970000002, 3, 6, 9, 0.0012000000000000001, 0.0018, 0.00016199999999999998, 12, 15, 18, 5294, 4294, 3, 6, undefined, 1493685004028
Booster, Armed, 1300.04, 32.989300400000005, -106.97304960000002, 4, 8, 12, 0.0016, 0.0024, 0.000216, 16, 20, 24, 5296, 4292, 4, 8, undefined, 1493685004128
Sustainer, Armed, 1300.004, 32.989300400000005, -106.97304960000002, 4, 8, 12, 0.0016, 0.0024, 0.000216, 16, 20, 24, 6292, 5292, 4, 8, undefined, 1493685004128
Booster, Armed, 1300.05, 32.989300500000006, -106.97304950000003, 5, 10, 15, 0.002, 0.0029999999999999996, 0.00027, 20, 25, 30, 6295, 5290, 5, 10, undefined, 1493685004229
Sustainer, Armed, 1300.0049999999999, 32.989300500000006, -106.97304950000003, 5, 10, 15, 0.002, 0.0029999999999999996, 0.00027, 20, 25, 30, 7290, 6290, 5, 10, undefined, 1493685004229
Booster, Armed, 1300.06, 32.98930060000001, -106.97304940000004, 6, 12, 18, 0.0024000000000000002, 0.0035999999999999995, 0.000324, 24, 30, 36, 7294, 6288, 6, 12, undefined, 1493685004336
Sustainer, Armed, 1300.0059999999999, 32.98930060000001, -106.97304940000004, 6, 12, 18, 0.0024000000000000002, 0.0035999999999999995, 0.000324, 24, 30, 36, 8288, 7288, 6, 12, undefined, 1493685004336
Booster, Armed, 1300.07, 32.98930070000001, -106.97304930000004, 7, 14, 21, 0.0028000000000000004, 0.0042, 0.000378, 28, 35, 42, 8293, 7286, 7, 14, undefined, 1493685004436
Sustainer, Armed, 1300.0069999999998, 32.98930070000001, -106.97304930000004, 7, 14, 21, 0.0028000000000000004, 0.0042, 0.000378, 28, 35, 42, 9286, 8286, 7, 14, undefined, 1493685004436
Booster, Armed, 1300.08, 32.98930080000001, -106.97304920000005, 8, 16, 24, 0.0032000000000000006, 0.0048, 0.00043200000000000004, 32, 40, 48, 9292, 8284, 8, 16, undefined, 1493685004537
Sustainer, Armed, 1300.0079999999998, 32.98930080000001, -106.97304920000005, 8, 16, 24, 0.0032000000000000006, 0.0048, 0.00043200000000000004, 32, 40, 48, 10284, 9284, 8, 16, undefined, 1493685004537
Booster, Armed, 1300.09, 32.98930090000001, -106.97304910000005, 9, 18, 27, 0.0036000000000000008, 0.005399999999999999, 0.00048600000000000005, 36, 45, 54, 10291, 9282, 9, 18, undefined, 1493685004649
Sustainer, Armed, 1300.0089999999998, 32.98930090000001, -106.97304910000005, 9, 18, 27, 0.0036000000000000008, 0.005399999999999999, 0.00048600000000000005, 36, 45, 54, 11282, 10282, 9, 18, undefined, 1493685004649
Booster, Armed, 1300.1, 32.98930100000001, -106.97304900000006, 10, 20, 30, 0.004000000000000001, 0.005999999999999999, 0.00054, 40, 50, 60, 11290, 10280, 10, 20, undefined, 1493685004763
Sustainer, Armed, 1300.0099999999998, 32.98930100000001, -106.97304900000006, 10, 20, 30, 0.004000000000000001, 0.005999999999999999, 0.00054, 40, 50, 60, 12280, 11280, 10, 20, undefined, 1493685004763
Booster, Armed, 1300.11, 32.98930110000001, -106.97304890000007, 11, 22, 33, 0.004400000000000001, 0.006599999999999999, 0.000594, 44, 55, 66, 12289, 11278, 11, 22, undefined, 1493685004877
Sustainer, Armed, 1300.0109999999997, 32.98930110000001, -106.97304890000007, 11, 22, 33, 0.004400000000000001, 0.006599999999999999, 0.000594, 44, 55, 66, 13278, 12278, 11, 22, undefined, 1493685004877
Booster, Armed, 1300.12, 32.989301200000014, -106.97304880000007, 12, 24, 36, 0.004800000000000001, 0.007199999999999999, 0.000648, 48, 60, 72, 13288, 12276, 12, 24, undefined, 1493685004977
Sustainer, Armed, 1300.0119999999997, 32.989301200000014, -106.97304880000007, 12, 24, 36, 0.004800000000000001, 0.007199999999999999, 0.000648, 48, 60, 72, 14276, 13276, 12, 24, undefined, 1493685004977
Booster, Armed, 1300.1299999999999, 32.989301300000015, -106.97304870000008, 13, 26, 39, 0.0052000000000000015, 0.007799999999999999, 0.000702, 52, 65, 78, 14287, 13274, 13, 26, undefined, 1493685005078
Sustainer, Armed, 1300.0129999999997, 32.989301300000015, -106.97304870000008, 13, 26, 39, 0.0052000000000000015, 0.007799999999999999, 0.000702, 52, 65, 78, 15274, 14274, 13, 26, undefined, 1493685005078
Booster, Armed, 1300.1399999999999, 32.989301400000016, -106.97304860000008, 14, 28, 42, 0.005600000000000002, 0.0084, 0.000756, 56, 70, 84, 15286, 14272, 14, 28, undefined, 1493685005178
Sustainer, Armed, 1300.0139999999997, 32.989301400000016, -106.97304860000008, 14, 28, 42, 0.005600000000000002, 0.0084, 0.000756, 56, 70, 84, 16272, 15272, 14, 28, undefined, 1493685005178
Booster, Armed, 1300.1499999999999, 32.98930150000002, -106.97304850000009, 15, 30, 45, 0.006000000000000002, 0.009, 0.0008100000000000001, 60, 75, 90, 16285, 15270, 15, 30, undefined, 1493685005278
Sustainer, Armed, 1300.0149999999996, 32.98930150000002, -106.97304850000009, 15, 30, 45, 0.006000000000000002, 0.009, 0.0008100000000000001, 60, 75, 90, 17270, 16270, 15, 30, undefined, 1493685005278
Booster, Armed, 1300.1599999999999, 32.98930160000002, -106.9730484000001, 16, 32, 48, 0.006400000000000002, 0.0096, 0.0008640000000000001, 64, 80, 96, 17284, 16268, 16, 32, undefined, 1493685005378
Sustainer, Armed, 1300.0159999999996, 32.98930160000002, -106.9730484000001, 16, 32, 48, 0.006400000000000002, 0.0096, 0.0008640000000000001, 64, 80, 96, 18268, 17268, 16, 32, undefined, 1493685005378
Booster, Armed, 1300.1699999999998, 32.98930170000002, -106.9730483000001, 17, 34, 51, 0.006800000000000002, 0.010199999999999999, 0.0009180000000000001, 68, 85, 102, 18283, 17266, 17, 34, undefined, 1493685005478
Sustainer, Armed, 1300.0169999999996, 32.98930170000002, -106.9730483000001, 17, 34, 51, 0.006800000000000002, 0.010199999999999999, 0.0009180000000000001, 68, 85, 102, 19266, 18266, 17, 34, undefined, 1493685005478
Booster, Armed, 1300.1799999999998, 32.98930180000002, -106.97304820000011, 18, 36, 54, 0.007200000000000002, 0.010799999999999999, 0.0009720000000000001, 72, 90, 108, 19282, 18264, 18, 36, undefined, 1493685005579
Sustainer, Armed, 1300.0179999999996, 32.98930180000002, -106.97304820000011, 18, 36, 54, 0.007200000000000002, 0.010799999999999999, 0.0009720000000000001, 72, 90, 108, 20264, 19264, 18, 36, undefined, 1493685005579
Booster, Armed, 1300.1899999999998, 32.98930190000002, -106.97304810000011, 19, 38, 57, 0.007600000000000003, 0.011399999999999999, 0.001026, 76, 95, 114, 20281, 19262, 19, 38, undefined, 1493685005680
Sustainer, Armed, 1300.0189999999996, 32.98930190000002, -106.97304810000011, 19, 38, 57, 0.007600000000000003, 0.011399999999999999, 0.001026, 76, 95, 114, 21262, 20262, 19, 38, undefined, 1493685005680
Booster, Armed, 1300.1999999999998, 32.98930200000002, -106.97304800000012, 20, 40, 60, 0.008000000000000002, 0.011999999999999999, 0.00108, 80, 100, 120, 21280, 20260, 20, 40, undefined, 1493685005780
Sustainer, Armed, 1300.0199999999995, 32.98930200000002, -106.97304800000012, 20, 40, 60, 0.008000000000000002, 0.011999999999999999, 0.00108, 80, 100, 120, 22260, 21260, 20, 40, undefined, 1493685005780
Booster, Armed, 1300.2099999999998, 32.989302100000025, -106.97304790000013, 21, 42, 63, 0.008400000000000001, 0.012599999999999998, 0.001134, 84, 105, 126, 22279, 21258, 21, 42, undefined, 1493685005881
Sustainer, Armed, 1300.0209999999995, 32.989302100000025, -106.97304790000013, 21, 42, 63, 0.008400000000000001, 0.012599999999999998, 0.001134, 84, 105, 126, 23258, 22258, 21, 42, undefined, 1493685005881
Booster, Armed, 1300.2199999999998, 32.989302200000026, -106.97304780000013, 22, 44, 66, 0.0088, 0.013199999999999998, 0.001188, 88, 110, 132, 23278, 22256, 22, 44, undefined, 1493685005982
Sustainer, Armed, 1300.0219999999995, 32.989302200000026, -106.97304780000013, 22, 44, 66, 0.0088, 0.013199999999999998, 0.001188, 88, 110, 132, 24256, 23256, 22, 44, undefined, 1493685005982
Booster, Armed, 1300.2299999999998, 32.98930230000003, -106.97304770000014, 23, 46, 69, 0.0092, 0.013799999999999998, 0.001242, 92, 115, 138, 24277, 23254, 23, 46, undefined, 1493685006081
Sustainer, Armed, 1300.0229999999995, 32.98930230000003, -106.97304770000014, 23, 46, 69, 0.0092, 0.013799999999999998, 0.001242, 92, 115, 138, 25254, 24254, 23, 46, undefined, 1493685006081
Booster, Armed, 1300.2399999999998, 32.98930240000003, -106.97304760000014, 24, 48, 72, 0.0096, 0.014399999999999998, 0.001296, 96, 120, 144, 25276, 24252, 24, 48, undefined, 1493685006181
Sustainer, Armed, 1300.0239999999994, 32.98930240000003, -106.97304760000014, 24, 48, 72, 0.0096, 0.014399999999999998, 0.001296, 96, 120, 144, 26252, 25252, 24, 48, undefined, 1493685006181
Booster, Armed, 1300.2499999999998, 32.98930250000003, -106.97304750000015, 25, 50, 75, 0.009999999999999998, 0.014999999999999998, 0.00135, 100, 125, 150, 26275, 25250, 25, 50, undefined, 1493685006282
Sustainer, Armed, 1300.0249999999994, 32.98930250000003, -106.97304750000015, 25, 50, 75, 0.009999999999999998, 0.014999999999999998, 0.00135, 100, 125, 150, 27250, 26250, 25, 50, undefined, 1493685006282
Booster, Armed, 1300.2599999999998, 32.98930260000003, -106.97304740000015, 26, 52, 78, 0.010399999999999998, 0.015599999999999998, 0.001404, 104, 130, 156, 27274, 26248, 26, 52, undefined, 1493685006384
Sustainer, Armed, 1300.0259999999994, 32.98930260000003, -106.97304740000015, 26, 52, 78, 0.010399999999999998, 0.015599999999999998, 0.001404, 104, 130, 156, 28248, 27248, 26, 52, undefined, 1493685006384
Booster, Armed, 1300.2699999999998, 32.98930270000003, -106.97304730000016, 27, 54, 81, 0.010799999999999997, 0.0162, 0.001458, 108, 135, 162, 28273, 27246, 27, 54, undefined, 1493685006483
Sustainer, Armed, 1300.0269999999994, 32.98930270000003, -106.97304730000016, 27, 54, 81, 0.010799999999999997, 0.0162, 0.001458, 108, 135, 162, 29246, 28246, 27, 54, undefined, 1493685006483
Booster, Armed, 1300.2799999999997, 32.98930280000003, -106.97304720000017, 28, 56, 84, 0.011199999999999996, 0.0168, 0.001512, 112, 140, 168, 29272, 28244, 28, 56, undefined, 1493685006584
Sustainer, Armed, 1300.0279999999993, 32.98930280000003, -106.97304720000017, 28, 56, 84, 0.011199999999999996, 0.0168, 0.001512, 112, 140, 168, 30244, 29244, 28, 56, undefined, 1493685006584
Booster, Armed, 1300.2899999999997, 32.989302900000034, -106.97304710000017, 29, 58, 87, 0.011599999999999996, 0.0174, 0.0015660000000000001, 116, 145, 174, 30271, 29242, 29, 58, undefined, 1493685006685
Sustainer, Armed, 1300.0289999999993, 32.989302900000034, -106.97304710000017, 29, 58, 87, 0.011599999999999996, 0.0174, 0.0015660000000000001, 116, 145, 174, 31242, 30242, 29, 58, undefined, 1493685006685
Booster, Armed, 1300.2999999999997, 32.989303000000035, -106.97304700000018, 30, 60, 90, 0.011999999999999995, 0.018, 0.0016200000000000001, 120, 150, 180, 31270, 30240, 30, 60, undefined, 1493685006785
Sustainer, Armed, 1300.0299999999993, 32.989303000000035, -106.97304700000018, 30, 60, 90, 0.011999999999999995, 0.018, 0.0016200000000000001, 120, 150, 180, 32240, 31240, 30, 60, undefined, 1493685006785
Booster, Armed, 1300.3099999999997, 32.989303100000036, -106.97304690000018, 31, 62, 93, 0.012399999999999994, 0.0186, 0.0016740000000000001, 124, 155, 186, 32269, 31238, 31, 62, undefined, 1493685006885
Sustainer, Armed, 1300.0309999999993, 32.989303100000036, -106.97304690000018, 31, 62, 93, 0.012399999999999994, 0.0186, 0.0016740000000000001, 124, 155, 186, 33238, 32238, 31, 62, undefined, 1493685006885
Booster, Armed, 1300.3199999999997, 32.98930320000004, -106.97304680000019, 32, 64, 96, 0.012799999999999994, 0.0192, 0.0017280000000000002, 128, 160, 192, 33268, 32236, 32, 64, undefined, 1493685006987
Sustainer, Armed, 1300.0319999999992, 32.98930320000004, -106.97304680000019, 32, 64, 96, 0.012799999999999994, 0.0192, 0.0017280000000000002, 128, 160, 192, 34236, 33236, 32, 64, undefined, 1493685006987
Booster, Armed, 1300.3299999999997, 32.98930330000004, -106.9730467000002, 33, 66, 99, 0.013199999999999993, 0.019799999999999998, 0.0017820000000000002, 132, 165, 198, 34267, 33234, 33, 66, undefined, 1493685007087
Sustainer, Armed, 1300.0329999999992, 32.98930330000004, -106.9730467000002, 33, 66, 99, 0.013199999999999993, 0.019799999999999998, 0.0017820000000000002, 132, 165, 198, 35234, 34234, 33, 66, undefined, 1493685007087
Booster, Armed, 1300.3399999999997, 32.98930340000004, -106.9730466000002, 34, 68, 102, 0.013599999999999992, 0.020399999999999998, 0.0018360000000000002, 136, 170, 204, 35266, 34232, 34, 68, undefined, 1493685007187
Sustainer, Armed, 1300.0339999999992, 32.98930340000004, -106.9730466000002, 34, 68, 102, 0.013599999999999992, 0.020399999999999998, 0.0018360000000000002, 136, 170, 204, 36232, 35232, 34, 68, undefined, 1493685007187
Booster, Armed, 1300.3499999999997, 32.98930350000004, -106.97304650000021, 35, 70, 105, 0.013999999999999992, 0.020999999999999998, 0.0018900000000000002, 140, 175, 210, 36265, 35230, 35, 70, undefined, 1493685007287
Sustainer, Armed, 1300.0349999999992, 32.98930350000004, -106.97304650000021, 35, 70, 105, 0.013999999999999992, 0.020999999999999998, 0.0018900000000000002, 140, 175, 210, 37230, 36230, 35, 70, undefined, 1493685007287
Booster, Armed, 1300.3599999999997, 32.98930360000004, -106.97304640000021, 36, 72, 108, 0.014399999999999991, 0.021599999999999998, 0.0019440000000000002, 144, 180, 216, 37264, 36228, 36, 72, undefined, 1493685007389
Sustainer, Armed, 1300.0359999999991, 32.98930360000004, -106.97304640000021, 36, 72, 108, 0.014399999999999991, 0.021599999999999998, 0.0019440000000000002, 144, 180, 216, 38228, 37228, 36, 72, undefined, 1493685007389
Booster, Armed, 1300.3699999999997, 32.98930370000004, -106.97304630000022, 37, 74, 111, 0.01479999999999999, 0.022199999999999998, 0.001998, 148, 185, 222, 38263, 37226, 37, 74, undefined, 1493685007490
Sustainer, Armed, 1300.0369999999991, 32.98930370000004, -106.97304630000022, 37, 74, 111, 0.01479999999999999, 0.022199999999999998, 0.001998, 148, 185, 222, 39226, 38226, 37, 74, undefined, 1493685007490
Booster, Armed, 1300.3799999999997, 32.989303800000044, -106.97304620000023, 38, 76, 114, 0.01519999999999999, 0.022799999999999997, 0.002052, 152, 190, 228, 39262, 38224, 38, 76, undefined, 1493685007590
Sustainer, Armed, 1300.037999999999, 32.989303800000044, -106.97304620000023, 38, 76, 114, 0.01519999999999999, 0.022799999999999997, 0.002052, 152, 190, 228, 40224, 39224, 38, 76, undefined, 1493685007590
Booster, Armed, 1300.3899999999996, 32.989303900000046, -106.97304610000023, 39, 78, 117, 0.015599999999999989, 0.023399999999999997, 0.002106, 156, 195, 234, 40261, 39222, 39, 78, undefined, 1493685007690
Sustainer, Armed, 1300.038999999999, 32.989303900000046, -106.97304610000023, 39, 78, 117, 0.015599999999999989, 0.023399999999999997, 0.002106, 156, 195, 234, 41222, 40222, 39, 78, undefined, 1493685007690
Booster, Armed, 1300.3999999999996, 32.98930400000005, -106.97304600000024, 40, 80, 120, 0.01599999999999999, 0.023999999999999997, 0.0021599999999999996, 160, 200, 240, 41260, 40220, 40, 80, undefined, 1493685007789
Sustainer, Armed, 1300.039999999999, 32.98930400000005, -106.97304600000024, 40, 80, 120, 0.01599999999999999, 0.023999999999999997, 0.0021599999999999996, 160, 200, 240, 42220, 41220, 40, 80, undefined, 1493685007789
Booster, Armed, 1300.4099999999996, 32.98930410000005, -106.97304590000024, 41, 82, 123, 0.01639999999999999, 0.024599999999999997, 0.0022139999999999994, 164, 205, 246, 42259, 41218, 41, 82, undefined, 1493685007889
Sustainer, Armed, 1300.040999999999, 32.98930410000005, -106.97304590000024, 41, 82, 123, 0.01639999999999999, 0.024599999999999997, 0.0022139999999999994, 164, 205, 246, 43218, 42218, 41, 82, undefined, 1493685007889
Booster, Armed, 1300.4199999999996, 32.98930420000005, -106.97304580000025, 42, 84, 126, 0.016799999999999992, 0.025199999999999997, 0.002267999999999999, 168, 210, 252, 43258, 42216, 42, 84, undefined, 1493685007989
Sustainer, Armed, 1300.041999999999, 32.98930420000005, -106.97304580000025, 42, 84, 126, 0.016799999999999992, 0.025199999999999997, 0.002267999999999999, 168, 210, 252, 44216, 43216, 42, 84, undefined, 1493685007989
Booster, Armed, 1300.4299999999996, 32.98930430000005, -106.97304570000026, 43, 86, 129, 0.017199999999999993, 0.025799999999999997, 0.002321999999999999, 172, 215, 258, 44257, 43214, 43, 86, undefined, 1493685008089
Sustainer, Armed, 1300.042999999999, 32.98930430000005, -106.97304570000026, 43, 86, 129, 0.017199999999999993, 0.025799999999999997, 0.002321999999999999, 172, 215, 258, 45214, 44214, 43, 86, undefined, 1493685008089
Booster, Armed, 1300.4399999999996, 32.98930440000005, -106.97304560000026, 44, 88, 132, 0.017599999999999994, 0.026399999999999996, 0.0023759999999999988, 176, 220, 264, 45256, 44212, 44, 88, undefined, 1493685008190
Sustainer, Armed, 1300.043999999999, 32.98930440000005, -106.97304560000026, 44, 88, 132, 0.017599999999999994, 0.026399999999999996, 0.0023759999999999988, 176, 220, 264, 46212, 45212, 44, 88, undefined, 1493685008190
Booster, Armed, 1300.4499999999996, 32.98930450000005, -106.97304550000027, 45, 90, 135, 0.017999999999999995, 0.026999999999999996, 0.0024299999999999986, 180, 225, 270, 46255, 45210, 45, 90, undefined, 1493685008290
Sustainer, Armed, 1300.044999999999, 32.98930450000005, -106.97304550000027, 45, 90, 135, 0.017999999999999995, 0.026999999999999996, 0.0024299999999999986, 180, 225, 270, 47210, 46210, 45, 90, undefined, 1493685008290
Booster, Armed, 1300.4599999999996, 32.989304600000054, -106.97304540000027, 46, 92, 138, 0.018399999999999996, 0.027599999999999996, 0.0024839999999999984, 184, 230, 276, 47254, 46208, 46, 92, undefined, 1493685008390
Sustainer, Armed, 1300.045999999999, 32.989304600000054, -106.97304540000027, 46, 92, 138, 0.018399999999999996, 0.027599999999999996, 0.0024839999999999984, 184, 230, 276, 48208, 47208, 46, 92, undefined, 1493685008390
Booster, Armed, 1300.4699999999996, 32.989304700000055, -106.97304530000028, 47, 94, 141, 0.018799999999999997, 0.028199999999999996, 0.002537999999999998, 188, 235, 282, 48253, 47206, 47, 94, undefined, 1493685008490
Sustainer, Armed, 1300.046999999999, 32.989304700000055, -106.97304530000028, 47, 94, 141, 0.018799999999999997, 0.028199999999999996, 0.002537999999999998, 188, 235, 282, 49206, 48206, 47, 94, undefined, 1493685008490
Booster, Armed, 1300.4799999999996, 32.989304800000056, -106.97304520000029, 48, 96, 144, 0.0192, 0.028799999999999996, 0.002591999999999998, 192, 240, 288, 49252, 48204, 48, 96, undefined, 1493685008591
Sustainer, Armed, 1300.0479999999989, 32.989304800000056, -106.97304520000029, 48, 96, 144, 0.0192, 0.028799999999999996, 0.002591999999999998, 192, 240, 288, 50204, 49204, 48, 96, undefined, 1493685008591
Booster, Armed, 1300.4899999999996, 32.98930490000006, -106.97304510000029, 49, 98, 147, 0.0196, 0.029399999999999996, 0.0026459999999999977, 196, 245, 294, 50251, 49202, 49, 98, undefined, 1493685008691
Sustainer, Armed, 1300.0489999999988, 32.98930490000006, -106.97304510000029, 49, 98, 147, 0.0196, 0.029399999999999996, 0.0026459999999999977, 196, 245, 294, 51202, 50202, 49, 98, undefined, 1493685008691
Booster, Armed, 1300.4999999999995, 32.98930500000006, -106.9730450000003, 50, 100, 150, 0.02, 0.029999999999999995, 0.0026999999999999975, 200, 250, 300, 51250, 50200, 50, 100, undefined, 1493685008792
Sustainer, Armed, 1300.0499999999988, 32.98930500000006, -106.9730450000003, 50, 100, 150, 0.02, 0.029999999999999995, 0.0026999999999999975, 200, 250, 300, 52200, 51200, 50, 100, undefined, 1493685008792
Booster, Armed, 1300.5099999999995, 32.98930510000006, -106.9730449000003, 51, 102, 153, 0.0204, 0.030599999999999995, 0.0027539999999999973, 204, 255, 306, 52249, 51198, 51, 102, undefined, 1493685008894
Sustainer, Armed, 1300.0509999999988, 32.98930510000006, -106.9730449000003, 51, 102, 153, 0.0204, 0.030599999999999995, 0.0027539999999999973, 204, 255, 306, 53198, 52198, 51, 102, undefined, 1493685008894
Booster, Armed, 1300.5199999999995, 32.98930520000006, -106.97304480000031, 52, 104, 156, 0.020800000000000003, 0.031199999999999995, 0.002807999999999997, 208, 260, 312, 53248, 52196, 52, 104, undefined, 1493685008994
Sustainer, Armed, 1300.0519999999988, 32.98930520000006, -106.97304480000031, 52, 104, 156, 0.020800000000000003, 0.031199999999999995, 0.002807999999999997, 208, 260, 312, 54196, 53196, 52, 104, undefined, 1493685008994
Booster, Armed, 1300.5299999999995, 32.98930530000006, -106.97304470000032, 53, 106, 159, 0.021200000000000004, 0.031799999999999995, 0.002861999999999997, 212, 265, 318, 54247, 53194, 53, 106, undefined, 1493685009094
Sustainer, Armed, 1300.0529999999987, 32.98930530000006, -106.97304470000032, 53, 106, 159, 0.021200000000000004, 0.031799999999999995, 0.002861999999999997, 212, 265, 318, 55194, 54194, 53, 106, undefined, 1493685009094
Booster, Armed, 1300.5399999999995, 32.98930540000006, -106.97304460000032, 54, 108, 162, 0.021600000000000005, 0.0324, 0.0029159999999999967, 216, 270, 324, 55246, 54192, 54, 108, undefined, 1493685009194
Sustainer, Armed, 1300.0539999999987, 32.98930540000006, -106.97304460000032, 54, 108, 162, 0.021600000000000005, 0.0324, 0.0029159999999999967, 216, 270, 324, 56192, 55192, 54, 108, undefined, 1493685009194
Booster, Armed, 1300.5499999999995, 32.989305500000064, -106.97304450000033, 55, 110, 165, 0.022000000000000006, 0.033, 0.0029699999999999965, 220, 275, 330, 56245, 55190, 55, 110, undefined, 1493685009295
Sustainer, Armed, 1300.0549999999987, 32.989305500000064, -106.97304450000033, 55, 110, 165, 0.022000000000000006, 0.033, 0.0029699999999999965, 220, 275, 330, 57190, 56190, 55, 110, undefined, 1493685009295
Booster, Armed, 1300.5599999999995, 32.989305600000066, -106.97304440000033, 56, 112, 168, 0.022400000000000007, 0.033600000000000005, 0.0030239999999999963, 224, 280, 336, 57244, 56188, 56, 112, undefined, 1493685009395
Sustainer, Armed, 1300.0559999999987, 32.989305600000066, -106.97304440000033, 56, 112, 168, 0.022400000000000007, 0.033600000000000005, 0.0030239999999999963, 224, 280, 336, 58188, 57188, 56, 112, undefined, 1493685009395
Booster, Armed, 1300.5699999999995, 32.98930570000007, -106.97304430000034, 57, 114, 171, 0.022800000000000008, 0.03420000000000001, 0.003077999999999996, 228, 285, 342, 58243, 57186, 57, 114, undefined, 1493685009496
Sustainer, Armed, 1300.0569999999987, 32.98930570000007, -106.97304430000034, 57, 114, 171, 0.022800000000000008, 0.03420000000000001, 0.003077999999999996, 228, 285, 342, 59186, 58186, 57, 114, undefined, 1493685009496
Booster, Armed, 1300.5799999999995, 32.98930580000007, -106.97304420000034, 58, 116, 174, 0.02320000000000001, 0.03480000000000001, 0.003131999999999996, 232, 290, 348, 59242, 58184, 58, 116, undefined, 1493685009597
Sustainer, Armed, 1300.0579999999986, 32.98930580000007, -106.97304420000034, 58, 116, 174, 0.02320000000000001, 0.03480000000000001, 0.003131999999999996, 232, 290, 348, 60184, 59184, 58, 116, undefined, 1493685009597
Booster, Armed, 1300.5899999999995, 32.98930590000007, -106.97304410000035, 59, 118, 177, 0.02360000000000001, 0.035400000000000015, 0.0031859999999999957, 236, 295, 354, 60241, 59182, 59, 118, undefined, 1493685009697
Sustainer, Armed, 1300.0589999999986, 32.98930590000007, -106.97304410000035, 59, 118, 177, 0.02360000000000001, 0.035400000000000015, 0.0031859999999999957, 236, 295, 354, 61182, 60182, 59, 118, undefined, 1493685009697
Booster, Armed, 1300.5999999999995, 32.98930600000007, -106.97304400000036, 60, 120, 180, 0.02400000000000001, 0.03600000000000002, 0.0032399999999999955, 240, 300, 360, 61240, 60180, 60, 120, undefined, 1493685009797
Sustainer, Armed, 1300.0599999999986, 32.98930600000007, -106.97304400000036, 60, 120, 180, 0.02400000000000001, 0.03600000000000002, 0.0032399999999999955, 240, 300, 360, 62180, 61180, 60, 120, undefined, 1493685009797
Booster, Armed, 1300.6099999999994, 32.98930610000007, -106.97304390000036, 61, 122, 183, 0.024400000000000012, 0.03660000000000002, 0.0032939999999999953, 244, 305, 366, 62239, 61178, 61, 122, undefined, 1493685009897
Sustainer, Armed, 1300.0609999999986, 32.98930610000007, -106.97304390000036, 61, 122, 183, 0.024400000000000012, 0.03660000000000002, 0.0032939999999999953, 244, 305, 366, 63178, 62178, 61, 122, undefined, 1493685009897
Booster, Armed, 1300.6199999999994, 32.98930620000007, -106.97304380000037, 62, 124, 186, 0.024800000000000013, 0.037200000000000025, 0.003347999999999995, 248, 310, 372, 63238, 62176, 62, 124, undefined, 1493685009997
Sustainer, Armed, 1300.0619999999985, 32.98930620000007, -106.97304380000037, 62, 124, 186, 0.024800000000000013, 0.037200000000000025, 0.003347999999999995, 248, 310, 372, 64176, 63176, 62, 124, undefined, 1493685009997
Booster, Armed, 1300.6299999999994, 32.989306300000074, -106.97304370000037, 63, 126, 189, 0.025200000000000014, 0.03780000000000003, 0.003401999999999995, 252, 315, 378, 64237, 63174, 63, 126, undefined, 1493685010098
Sustainer, Armed, 1300.0629999999985, 32.989306300000074, -106.97304370000037, 63, 126, 189, 0.025200000000000014, 0.03780000000000003, 0.003401999999999995, 252, 315, 378, 65174, 64174, 63, 126, undefined, 1493685010098
Booster, Armed, 1300.6399999999994, 32.989306400000075, -106.97304360000038, 64, 128, 192, 0.025600000000000015, 0.03840000000000003, 0.0034559999999999947, 256, 320, 384, 65236, 64172, 64, 128, undefined, 1493685010199
Sustainer, Armed, 1300.0639999999985, 32.989306400000075, -106.97304360000038, 64, 128, 192, 0.025600000000000015, 0.03840000000000003, 0.0034559999999999947, 256, 320, 384, 66172, 65172, 64, 128, undefined, 1493685010199
Booster, Armed, 1300.6499999999994, 32.989306500000076, -106.97304350000039, 65, 130, 195, 0.026000000000000016, 0.039000000000000035, 0.0035099999999999945, 260, 325, 390, 66235, 65170, 65, 130, undefined, 1493685010300
Sustainer, Armed, 1300.0649999999985, 32.989306500000076, -106.97304350000039, 65, 130, 195, 0.026000000000000016, 0.039000000000000035, 0.0035099999999999945, 260, 325, 390, 67170, 66170, 65, 130, undefined, 1493685010300
Booster, Armed, 1300.6599999999994, 32.98930660000008, -106.97304340000039, 66, 132, 198, 0.026400000000000017, 0.03960000000000004, 0.0035639999999999943, 264, 330, 396, 67234, 66168, 66, 132, undefined, 1493685010401
Sustainer, Armed, 1300.0659999999984, 32.98930660000008, -106.97304340000039, 66, 132, 198, 0.026400000000000017, 0.03960000000000004, 0.0035639999999999943, 264, 330, 396, 68168, 67168, 66, 132, undefined, 1493685010401
Booster, Armed, 1300.6699999999994, 32.98930670000008, -106.9730433000004, 67, 134, 201, 0.026800000000000018, 0.04020000000000004, 0.003617999999999994, 268, 335, 402, 68233, 67166, 67, 134, undefined, 1493685010503
Sustainer, Armed, 1300.0669999999984, 32.98930670000008, -106.9730433000004, 67, 134, 201, 0.026800000000000018, 0.04020000000000004, 0.003617999999999994, 268, 335, 402, 69166, 68166, 67, 134, undefined, 1493685010503
Booster, Armed, 1300.6799999999994, 32.98930680000008, -106.9730432000004, 68, 136, 204, 0.02720000000000002, 0.040800000000000045, 0.003671999999999994, 272, 340, 408, 69232, 68164, 68, 136, undefined, 1493685010603
Sustainer, Armed, 1300.0679999999984, 32.98930680000008, -106.9730432000004, 68, 136, 204, 0.02720000000000002, 0.040800000000000045, 0.003671999999999994, 272, 340, 408, 70164, 69164, 68, 136, undefined, 1493685010603
Booster, Armed, 1300.6899999999994, 32.98930690000008, -106.97304310000041, 69, 138, 207, 0.02760000000000002, 0.04140000000000005, 0.0037259999999999936, 276, 345, 414, 70231, 69162, 69, 138, undefined, 1493685010703
Sustainer, Armed, 1300.0689999999984, 32.98930690000008, -106.97304310000041, 69, 138, 207, 0.02760000000000002, 0.04140000000000005, 0.0037259999999999936, 276, 345, 414, 71162, 70162, 69, 138, undefined, 1493685010703
Booster, Armed, 1300.6999999999994, 32.98930700000008, -106.97304300000042, 70, 140, 210, 0.02800000000000002, 0.04200000000000005, 0.0037799999999999934, 280, 350, 420, 71230, 70160, 70, 140, undefined, 1493685010804
Sustainer, Armed, 1300.0699999999983, 32.98930700000008, -106.97304300000042, 70, 140, 210, 0.02800000000000002, 0.04200000000000005, 0.0037799999999999934, 280, 350, 420, 72160, 71160, 70, 140, undefined, 1493685010804
Booster, Armed, 1300.7099999999994, 32.98930710000008, -106.97304290000042, 71, 142, 213, 0.028400000000000022, 0.042600000000000054, 0.0038339999999999932, 284, 355, 426, 72229, 71158, 71, 142, undefined, 1493685010905
Sustainer, Armed, 1300.0709999999983, 32.98930710000008, -106.97304290000042, 71, 142, 213, 0.028400000000000022, 0.042600000000000054, 0.0038339999999999932, 284, 355, 426, 73158, 72158, 71, 142, undefined, 1493685010905
Booster, Armed, 1300.7199999999993, 32.989307200000084, -106.97304280000043, 72, 144, 216, 0.028800000000000023, 0.04320000000000006, 0.003887999999999993, 288, 360, 432, 73228, 72156, 72, 144, undefined, 1493685011005
Sustainer, Armed, 1300.0719999999983, 32.989307200000084, -106.97304280000043, 72, 144, 216, 0.028800000000000023, 0.04320000000000006, 0.003887999999999993, 288, 360, 432, 74156, 73156, 72, 144, undefined, 1493685011005
Booster, Armed, 1300.7299999999993, 32.989307300000085, -106.97304270000043, 73, 146, 219, 0.029200000000000025, 0.04380000000000006, 0.003941999999999993, 292, 365, 438, 74227, 73154, 73, 146, undefined, 1493685011105
Sustainer, Armed, 1300.0729999999983, 32.989307300000085, -106.97304270000043, 73, 146, 219, 0.029200000000000025, 0.04380000000000006, 0.003941999999999993, 292, 365, 438, 75154, 74154, 73, 146, undefined, 1493685011105
Booster, Armed, 1300.7399999999993, 32.98930740000009, -106.97304260000044, 74, 148, 222, 0.029600000000000026, 0.044400000000000064, 0.0039959999999999935, 296, 370, 444, 75226, 74152, 74, 148, undefined, 1493685011205
Sustainer, Armed, 1300.0739999999983, 32.98930740000009, -106.97304260000044, 74, 148, 222, 0.029600000000000026, 0.044400000000000064, 0.0039959999999999935, 296, 370, 444, 76152, 75152, 74, 148, undefined, 1493685011205
Booster, Armed, 1300.7499999999993, 32.98930750000009, -106.97304250000045, 75, 150, 225, 0.030000000000000027, 0.04500000000000007, 0.004049999999999994, 300, 375, 450, 76225, 75150, 75, 150, undefined, 1493685011306
Sustainer, Armed, 1300.0749999999982, 32.98930750000009, -106.97304250000045, 75, 150, 225, 0.030000000000000027, 0.04500000000000007, 0.004049999999999994, 300, 375, 450, 77150, 76150, 75, 150, undefined, 1493685011306
Booster, Armed, 1300.7599999999993, 32.98930760000009, -106.97304240000045, 76, 152, 228, 0.030400000000000028, 0.04560000000000007, 0.004103999999999994, 304, 380, 456, 77224, 76148, 76, 152, undefined, 1493685011406
Sustainer, Armed, 1300.0759999999982, 32.98930760000009, -106.97304240000045, 76, 152, 228, 0.030400000000000028, 0.04560000000000007, 0.004103999999999994, 304, 380, 456, 78148, 77148, 76, 152, undefined, 1493685011406
Booster, Armed, 1300.7699999999993, 32.98930770000009, -106.97304230000046, 77, 154, 231, 0.03080000000000003, 0.046200000000000074, 0.004157999999999994, 308, 385, 462, 78223, 77146, 77, 154, undefined, 1493685011507
Sustainer, Armed, 1300.0769999999982, 32.98930770000009, -106.97304230000046, 77, 154, 231, 0.03080000000000003, 0.046200000000000074, 0.004157999999999994, 308, 385, 462, 79146, 78146, 77, 154, undefined, 1493685011507
Booster, Armed, 1300.7799999999993, 32.98930780000009, -106.97304220000046, 78, 156, 234, 0.03120000000000003, 0.04680000000000008, 0.004211999999999994, 312, 390, 468, 79222, 78144, 78, 156, undefined, 1493685011608
Sustainer, Armed, 1300.0779999999982, 32.98930780000009, -106.97304220000046, 78, 156, 234, 0.03120000000000003, 0.04680000000000008, 0.004211999999999994, 312, 390, 468, 80144, 79144, 78, 156, undefined, 1493685011608
Booster, Armed, 1300.7899999999993, 32.98930790000009, -106.97304210000047, 79, 158, 237, 0.03160000000000003, 0.04740000000000008, 0.004265999999999995, 316, 395, 474, 80221, 79142, 79, 158, undefined, 1493685011709
Sustainer, Armed, 1300.0789999999981, 32.98930790000009, -106.97304210000047, 79, 158, 237, 0.03160000000000003, 0.04740000000000008, 0.004265999999999995, 316, 395, 474, 81142, 80142, 79, 158, undefined, 1493685011709
Booster, Armed, 1300.7999999999993, 32.989308000000094, -106.97304200000048, 80, 160, 240, 0.03200000000000003, 0.048000000000000084, 0.004319999999999995, 320, 400, 480, 81220, 80140, 80, 160, undefined, 1493685011810
Sustainer, Armed, 1300.079999999998, 32.989308000000094, -106.97304200000048, 80, 160, 240, 0.03200000000000003, 0.048000000000000084, 0.004319999999999995, 320, 400, 480, 82140, 81140, 80, 160, undefined, 1493685011810
Booster, Armed, 1300.8099999999993, 32.989308100000095, -106.97304190000048, 81, 162, 243, 0.032400000000000026, 0.04860000000000009, 0.004373999999999995, 324, 405, 486, 82219, 81138, 81, 162, undefined, 1493685011910
Sustainer, Armed, 1300.080999999998, 32.989308100000095, -106.97304190000048, 81, 162, 243, 0.032400000000000026, 0.04860000000000009, 0.004373999999999995, 324, 405, 486, 83138, 82138, 81, 162, undefined, 1493685011910
Booster, Armed, 1300.8199999999993, 32.989308200000096, -106.97304180000049, 82, 164, 246, 0.032800000000000024, 0.04920000000000009, 0.004427999999999995, 328, 410, 492, 83218, 82136, 82, 164, undefined, 1493685012010
Sustainer, Armed, 1300.081999999998, 32.989308200000096, -106.97304180000049, 82, 164, 246, 0.032800000000000024, 0.04920000000000009, 0.004427999999999995, 328, 410, 492, 84136, 83136, 82, 164, undefined, 1493685012010
Booster, Armed, 1300.8299999999992, 32.9893083000001, -106.9730417000005, 83, 166, 249, 0.03320000000000002, 0.049800000000000094, 0.0044819999999999955, 332, 415, 498, 84217, 83134, 83, 166, undefined, 1493685012110
Sustainer, Armed, 1300.082999999998, 32.9893083000001, -106.9730417000005, 83, 166, 249, 0.03320000000000002, 0.049800000000000094, 0.0044819999999999955, 332, 415, 498, 85134, 84134, 83, 166, undefined, 1493685012110
Booster, Armed, 1300.8399999999992, 32.9893084000001, -106.9730416000005, 84, 168, 252, 0.03360000000000002, 0.0504000000000001, 0.004535999999999996, 336, 420, 504, 85216, 84132, 84, 168, undefined, 1493685012210
Sustainer, Armed, 1300.083999999998, 32.9893084000001, -106.9730416000005, 84, 168, 252, 0.03360000000000002, 0.0504000000000001, 0.004535999999999996, 336, 420, 504, 86132, 85132, 84, 168, undefined, 1493685012210
Booster, Armed, 1300.8499999999992, 32.9893085000001, -106.9730415000005, 85, 170, 255, 0.034000000000000016, 0.0510000000000001, 0.004589999999999996, 340, 425, 510, 86215, 85130, 85, 170, undefined, 1493685012310
Sustainer, Armed, 1300.084999999998, 32.9893085000001, -106.9730415000005, 85, 170, 255, 0.034000000000000016, 0.0510000000000001, 0.004589999999999996, 340, 425, 510, 87130, 86130, 85, 170, undefined, 1493685012310
Booster, Armed, 1300.8599999999992, 32.9893086000001, -106.97304140000051, 86, 172, 258, 0.034400000000000014, 0.051600000000000104, 0.004643999999999996, 344, 430, 516, 87214, 86128, 86, 172, undefined, 1493685012410
Sustainer, Armed, 1300.085999999998, 32.9893086000001, -106.97304140000051, 86, 172, 258, 0.034400000000000014, 0.051600000000000104, 0.004643999999999996, 344, 430, 516, 88128, 87128, 86, 172, undefined, 1493685012410
Booster, Armed, 1300.8699999999992, 32.9893087000001, -106.97304130000052, 87, 174, 261, 0.03480000000000001, 0.05220000000000011, 0.0046979999999999964, 348, 435, 522, 88213, 87126, 87, 174, undefined, 1493685012511
Sustainer, Armed, 1300.086999999998, 32.9893087000001, -106.97304130000052, 87, 174, 261, 0.03480000000000001, 0.05220000000000011, 0.0046979999999999964, 348, 435, 522, 89126, 88126, 87, 174, undefined, 1493685012511
Booster, Armed, 1300.8799999999992, 32.9893088000001, -106.97304120000052, 88, 176, 264, 0.03520000000000001, 0.05280000000000011, 0.004751999999999997, 352, 440, 528, 89212, 88124, 88, 176, undefined, 1493685012611
Sustainer, Armed, 1300.087999999998, 32.9893088000001, -106.97304120000052, 88, 176, 264, 0.03520000000000001, 0.05280000000000011, 0.004751999999999997, 352, 440, 528, 90124, 89124, 88, 176, undefined, 1493685012611
Booster, Armed, 1300.8899999999992, 32.989308900000104, -106.97304110000053, 89, 178, 267, 0.03560000000000001, 0.053400000000000114, 0.004805999999999997, 356, 445, 534, 90211, 89122, 89, 178, undefined, 1493685012711
Sustainer, Armed, 1300.088999999998, 32.989308900000104, -106.97304110000053, 89, 178, 267, 0.03560000000000001, 0.053400000000000114, 0.004805999999999997, 356, 445, 534, 91122, 90122, 89, 178, undefined, 1493685012711
Booster, Armed, 1300.8999999999992, 32.989309000000105, -106.97304100000053, 90, 180, 270, 0.036000000000000004, 0.05400000000000012, 0.004859999999999997, 360, 450, 540, 91210, 90120, 90, 180, undefined, 1493685012812
Sustainer, Armed, 1300.0899999999979, 32.989309000000105, -106.97304100000053, 90, 180, 270, 0.036000000000000004, 0.05400000000000012, 0.004859999999999997, 360, 450, 540, 92120, 91120, 90, 180, undefined, 1493685012812
Booster, Armed, 1300.9099999999992, 32.989309100000106, -106.97304090000054, 91, 182, 273, 0.0364, 0.05460000000000012, 0.004913999999999997, 364, 455, 546, 92209, 91118, 91, 182, undefined, 1493685012912
Sustainer, Armed, 1300.0909999999978, 32.989309100000106, -106.97304090000054, 91, 182, 273, 0.0364, 0.05460000000000012, 0.004913999999999997, 364, 455, 546, 93118, 92118, 91, 182, undefined, 1493685012912
Booster, Armed, 1300.9199999999992, 32.98930920000011, -106.97304080000055, 92, 184, 276, 0.0368, 0.055200000000000124, 0.004967999999999998, 368, 460, 552, 93208, 92116, 92, 184, undefined, 1493685013012
Sustainer, Armed, 1300.0919999999978, 32.98930920000011, -106.97304080000055, 92, 184, 276, 0.0368, 0.055200000000000124, 0.004967999999999998, 368, 460, 552, 94116, 93116, 92, 184, undefined, 1493685013012
Booster, Armed, 1300.9299999999992, 32.98930930000011, -106.97304070000055, 93, 186, 279, 0.0372, 0.05580000000000013, 0.005021999999999998, 372, 465, 558, 94207, 93114, 93, 186, undefined, 1493685013113
Sustainer, Armed, 1300.0929999999978, 32.98930930000011, -106.97304070000055, 93, 186, 279, 0.0372, 0.05580000000000013, 0.005021999999999998, 372, 465, 558, 95114, 94114, 93, 186, undefined, 1493685013113
Booster, Armed, 1300.9399999999991, 32.98930940000011, -106.97304060000056, 94, 188, 282, 0.037599999999999995, 0.05640000000000013, 0.005075999999999998, 376, 470, 564, 95206, 94112, 94, 188, undefined, 1493685013213
Sustainer, Armed, 1300.0939999999978, 32.98930940000011, -106.97304060000056, 94, 188, 282, 0.037599999999999995, 0.05640000000000013, 0.005075999999999998, 376, 470, 564, 96112, 95112, 94, 188, undefined, 1493685013213
Booster, Armed, 1300.9499999999991, 32.98930950000011, -106.97304050000056, 95, 190, 285, 0.03799999999999999, 0.057000000000000134, 0.005129999999999998, 380, 475, 570, 96205, 95110, 95, 190, undefined, 1493685013314
Sustainer, Armed, 1300.0949999999978, 32.98930950000011, -106.97304050000056, 95, 190, 285, 0.03799999999999999, 0.057000000000000134, 0.005129999999999998, 380, 475, 570, 97110, 96110, 95, 190, undefined, 1493685013314
Booster, Armed, 1300.9599999999991, 32.98930960000011, -106.97304040000057, 96, 192, 288, 0.03839999999999999, 0.05760000000000014, 0.0051839999999999985, 384, 480, 576, 97204, 96108, 96, 192, undefined, 1493685013415
Sustainer, Armed, 1300.0959999999977, 32.98930960000011, -106.97304040000057, 96, 192, 288, 0.03839999999999999, 0.05760000000000014, 0.0051839999999999985, 384, 480, 576, 98108, 97108, 96, 192, undefined, 1493685013415
Booster, Armed, 1300.9699999999991, 32.98930970000011, -106.97304030000058, 97, 194, 291, 0.03879999999999999, 0.05820000000000014, 0.005237999999999999, 388, 485, 582, 98203, 97106, 97, 194, undefined, 1493685013516
Sustainer, Armed, 1300.0969999999977, 32.98930970000011, -106.97304030000058, 97, 194, 291, 0.03879999999999999, 0.05820000000000014, 0.005237999999999999, 388, 485, 582, 99106, 98106, 97, 194, undefined, 1493685013516
Booster, Armed, 1300.979999999999, 32.989309800000115, -106.97304020000058, 98, 196, 294, 0.039199999999999985, 0.058800000000000144, 0.005291999999999999, 392, 490, 588, 99202, 98104, 98, 196, undefined, 1493685013616
Sustainer, Armed, 1300.0979999999977, 32.989309800000115, -106.97304020000058, 98, 196, 294, 0.039199999999999985, 0.058800000000000144, 0.005291999999999999, 392, 490, 588, 100104, 99104, 98, 196, undefined, 1493685013616
Booster, Armed, 1300.989999999999, 32.989309900000116, -106.97304010000059, 99, 198, 297, 0.03959999999999998, 0.05940000000000015, 0.005345999999999999, 396, 495, 594, 100201, 99102, 99, 198, undefined, 1493685013717
Sustainer, Armed, 1300.0989999999977, 32.989309900000116, -106.97304010000059, 99, 198, 297, 0.03959999999999998, 0.05940000000000015, 0.005345999999999999, 396, 495, 594, 101102, 100102, 99, 198, undefined, 1493685013717
Booster, Armed, 1300.999999999999, 32.98931000000012, -106.9730400000006, 100, 200, 300, 0.03999999999999998, 0.06000000000000015, 0.005399999999999999, 400, 500, 600, 101200, 100100, 100, 200, undefined, 1493685013817
Sustainer, Armed, 1300.0999999999976, 32.98931000000012, -106.9730400000006, 100, 200, 300, 0.03999999999999998, 0.06000000000000015, 0.005399999999999999, 400, 500, 600, 102100, 101100, 100, 200, undefined, 1493685013817
Booster, Armed, 1301.009999999999, 32.98931010000012, -106.9730399000006, 101, 202, 303, 0.04039999999999998, 0.060600000000000154, 0.005454, 404, 505, 606, 102199, 101098, 101, 202, undefined, 1493685013918
Sustainer, Armed, 1300.1009999999976, 32.98931010000012, -106.9730399000006, 101, 202, 303, 0.04039999999999998, 0.060600000000000154, 0.005454, 404, 505, 606, 103098, 102098, 101, 202, undefined, 1493685013918
Booster, Armed, 1301.019999999999, 32.98931020000012, -106.9730398000006, 102, 204, 306, 0.040799999999999975, 0.06120000000000016, 0.005508, 408, 510, 612, 103198, 102096, 102, 204, undefined, 1493685014018
Sustainer, Armed, 1300.1019999999976, 32.98931020000012, -106.9730398000006, 102, 204, 306, 0.040799999999999975, 0.06120000000000016, 0.005508, 408, 510, 612, 104096, 103096, 102, 204, undefined, 1493685014018
Booster, Armed, 1301.029999999999, 32.98931030000012, -106.97303970000061, 103, 206, 309, 0.04119999999999997, 0.06180000000000016, 0.005562, 412, 515, 618, 104197, 103094, 103, 206, undefined, 1493685014118
Sustainer, Armed, 1300.1029999999976, 32.98931030000012, -106.97303970000061, 103, 206, 309, 0.04119999999999997, 0.06180000000000016, 0.005562, 412, 515, 618, 105094, 104094, 103, 206, undefined, 1493685014118
Booster, Armed, 1301.039999999999, 32.98931040000012, -106.97303960000062, 104, 208, 312, 0.04159999999999997, 0.062400000000000164, 0.005616, 416, 520, 624, 105196, 104092, 104, 208, undefined, 1493685014218
Sustainer, Armed, 1300.1039999999975, 32.98931040000012, -106.97303960000062, 104, 208, 312, 0.04159999999999997, 0.062400000000000164, 0.005616, 416, 520, 624, 106092, 105092, 104, 208, undefined, 1493685014218
Booster, Armed, 1301.049999999999, 32.98931050000012, -106.97303950000062, 105, 210, 315, 0.04199999999999997, 0.06300000000000017, 0.0056700000000000006, 420, 525, 630, 106195, 105090, 105, 210, undefined, 1493685014318
Sustainer, Armed, 1300.1049999999975, 32.98931050000012, -106.97303950000062, 105, 210, 315, 0.04199999999999997, 0.06300000000000017, 0.0056700000000000006, 420, 525, 630, 107090, 106090, 105, 210, undefined, 1493685014318
Booster, Armed, 1301.059999999999, 32.989310600000124, -106.97303940000063, 106, 212, 318, 0.042399999999999965, 0.06360000000000017, 0.005724000000000001, 424, 530, 636, 107194, 106088, 106, 212, undefined, 1493685014418
Sustainer, Armed, 1300.1059999999975, 32.989310600000124, -106.97303940000063, 106, 212, 318, 0.042399999999999965, 0.06360000000000017, 0.005724000000000001, 424, 530, 636, 108088, 107088, 106, 212, undefined, 1493685014418
Booster, Armed, 1301.069999999999, 32.989310700000125, -106.97303930000064, 107, 214, 321, 0.04279999999999996, 0.06420000000000017, 0.005778000000000001, 428, 535, 642, 108193, 107086, 107, 214, undefined, 1493685014519
Sustainer, Armed, 1300.1069999999975, 32.989310700000125, -106.97303930000064, 107, 214, 321, 0.04279999999999996, 0.06420000000000017, 0.005778000000000001, 428, 535, 642, 109086, 108086, 107, 214, undefined, 1493685014519
Booster, Armed, 1301.079999999999, 32.989310800000126, -106.97303920000064, 108, 216, 324, 0.04319999999999996, 0.06480000000000018, 0.005832000000000001, 432, 540, 648, 109192, 108084, 108, 216, undefined, 1493685014619
Sustainer, Armed, 1300.1079999999974, 32.989310800000126, -106.97303920000064, 108, 216, 324, 0.04319999999999996, 0.06480000000000018, 0.005832000000000001, 432, 540, 648, 110084, 109084, 108, 216, undefined, 1493685014619
Booster, Armed, 1301.089999999999, 32.98931090000013, -106.97303910000065, 109, 218, 327, 0.04359999999999996, 0.06540000000000018, 0.0058860000000000015, 436, 545, 654, 110191, 109082, 109, 218, undefined, 1493685014719
Sustainer, Armed, 1300.1089999999974, 32.98931090000013, -106.97303910000065, 109, 218, 327, 0.04359999999999996, 0.06540000000000018, 0.0058860000000000015, 436, 545, 654, 111082, 110082, 109, 218, undefined, 1493685014719
Booster, Armed, 1301.099999999999, 32.98931100000013, -106.97303900000065, 110, 220, 330, 0.043999999999999956, 0.06600000000000018, 0.005940000000000002, 440, 550, 660, 111190, 110080, 110, 220, undefined, 1493685014819
Sustainer, Armed, 1300.1099999999974, 32.98931100000013, -106.97303900000065, 110, 220, 330, 0.043999999999999956, 0.06600000000000018, 0.005940000000000002, 440, 550, 660, 112080, 111080, 110, 220, undefined, 1493685014819
Booster, Armed, 1301.109999999999, 32.98931110000013, -106.97303890000066, 111, 222, 333, 0.04439999999999995, 0.06660000000000019, 0.005994000000000002, 444, 555, 666, 112189, 111078, 111, 222, undefined, 1493685014919
Sustainer, Armed, 1300.1109999999974, 32.98931110000013, -106.97303890000066, 111, 222, 333, 0.04439999999999995, 0.06660000000000019, 0.005994000000000002, 444, 555, 666, 113078, 112078, 111, 222, undefined, 1493685014919
Booster, Armed, 1301.119999999999, 32.98931120000013, -106.97303880000067, 112, 224, 336, 0.04479999999999995, 0.06720000000000019, 0.006048000000000002, 448, 560, 672, 113188, 112076, 112, 224, undefined, 1493685015020
Sustainer, Armed, 1300.1119999999974, 32.98931120000013, -106.97303880000067, 112, 224, 336, 0.04479999999999995, 0.06720000000000019, 0.006048000000000002, 448, 560, 672, 114076, 113076, 112, 224, undefined, 1493685015020
Booster, Armed, 1301.129999999999, 32.98931130000013, -106.97303870000067, 113, 226, 339, 0.04519999999999995, 0.0678000000000002, 0.006102000000000002, 452, 565, 678, 114187, 113074, 113, 226, undefined, 1493685015121
Sustainer, Armed, 1300.1129999999973, 32.98931130000013, -106.97303870000067, 113, 226, 339, 0.04519999999999995, 0.0678000000000002, 0.006102000000000002, 452, 565, 678, 115074, 114074, 113, 226, undefined, 1493685015121
Booster, Armed, 1301.139999999999, 32.98931140000013, -106.97303860000068, 114, 228, 342, 0.045599999999999946, 0.0684000000000002, 0.006156000000000003, 456, 570, 684, 115186, 114072, 114, 228, undefined, 1493685015222
Sustainer, Armed, 1300.1139999999973, 32.98931140000013, -106.97303860000068, 114, 228, 342, 0.045599999999999946, 0.0684000000000002, 0.006156000000000003, 456, 570, 684, 116072, 115072, 114, 228, undefined, 1493685015222
Booster, Armed, 1301.149999999999, 32.989311500000134, -106.97303850000068, 115, 230, 345, 0.045999999999999944, 0.0690000000000002, 0.006210000000000003, 460, 575, 690, 116185, 115070, 115, 230, undefined, 1493685015323
Sustainer, Armed, 1300.1149999999973, 32.989311500000134, -106.97303850000068, 115, 230, 345, 0.045999999999999944, 0.0690000000000002, 0.006210000000000003, 460, 575, 690, 117070, 116070, 115, 230, undefined, 1493685015323
Booster, Armed, 1301.159999999999, 32.989311600000136, -106.97303840000069, 116, 232, 348, 0.04639999999999994, 0.0696000000000002, 0.006264000000000003, 464, 580, 696, 117184, 116068, 116, 232, undefined, 1493685015423
Sustainer, Armed, 1300.1159999999973, 32.989311600000136, -106.97303840000069, 116, 232, 348, 0.04639999999999994, 0.0696000000000002, 0.006264000000000003, 464, 580, 696, 118068, 117068, 116, 232, undefined, 1493685015423
Booster, Armed, 1301.169999999999, 32.98931170000014, -106.9730383000007, 117, 234, 351, 0.04679999999999994, 0.0702000000000002, 0.006318000000000003, 468, 585, 702, 118183, 117066, 117, 234, undefined, 1493685015523
Sustainer, Armed, 1300.1169999999972, 32.98931170000014, -106.9730383000007, 117, 234, 351, 0.04679999999999994, 0.0702000000000002, 0.006318000000000003, 468, 585, 702, 119066, 118066, 117, 234, undefined, 1493685015523
Booster, Armed, 1301.179999999999, 32.98931180000014, -106.9730382000007, 118, 236, 354, 0.047199999999999936, 0.07080000000000021, 0.0063720000000000035, 472, 590, 708, 119182, 118064, 118, 236, undefined, 1493685015623
Sustainer, Armed, 1300.1179999999972, 32.98931180000014, -106.9730382000007, 118, 236, 354, 0.047199999999999936, 0.07080000000000021, 0.0063720000000000035, 472, 590, 708, 120064, 119064, 118, 236, undefined, 1493685015623
Booster, Armed, 1301.189999999999, 32.98931190000014, -106.97303810000071, 119, 238, 357, 0.047599999999999934, 0.07140000000000021, 0.006426000000000004, 476, 595, 714, 120181, 119062, 119, 238, undefined, 1493685015723
Sustainer, Armed, 1300.1189999999972, 32.98931190000014, -106.97303810000071, 119, 238, 357, 0.047599999999999934, 0.07140000000000021, 0.006426000000000004, 476, 595, 714, 121062, 120062, 119, 238, undefined, 1493685015723
Booster, Armed, 1301.199999999999, 32.98931200000014, -106.97303800000071, 120, 240, 360, 0.04799999999999993, 0.07200000000000022, 0.006480000000000004, 480, 600, 720, 121180, 120060, 120, 240, undefined, 1493685015824
Sustainer, Armed, 1300.1199999999972, 32.98931200000014, -106.97303800000071, 120, 240, 360, 0.04799999999999993, 0.07200000000000022, 0.006480000000000004, 480, 600, 720, 122060, 121060, 120, 240, undefined, 1493685015824
Booster, Armed, 1301.209999999999, 32.98931210000014, -106.97303790000072, 121, 242, 363, 0.04839999999999993, 0.07260000000000022, 0.006534000000000004, 484, 605, 726, 122179, 121058, 121, 242, undefined, 1493685015924
Sustainer, Armed, 1300.1209999999971, 32.98931210000014, -106.97303790000072, 121, 242, 363, 0.04839999999999993, 0.07260000000000022, 0.006534000000000004, 484, 605, 726, 123058, 122058, 121, 242, undefined, 1493685015924
Booster, Armed, 1301.219999999999, 32.98931220000014, -106.97303780000072, 122, 244, 366, 0.04879999999999993, 0.07320000000000022, 0.0065880000000000044, 488, 610, 732, 123178, 122056, 122, 244, undefined, 1493685016024
Sustainer, Armed, 1300.1219999999971, 32.98931220000014, -106.97303780000072, 122, 244, 366, 0.04879999999999993, 0.07320000000000022, 0.0065880000000000044, 488, 610, 732, 124056, 123056, 122, 244, undefined, 1493685016024
Booster, Armed, 1301.2299999999989, 32.989312300000144, -106.97303770000073, 123, 246, 369, 0.049199999999999924, 0.07380000000000023, 0.006642000000000005, 492, 615, 738, 124177, 123054, 123, 246, undefined, 1493685016124
Sustainer, Armed, 1300.122999999997, 32.989312300000144, -106.97303770000073, 123, 246, 369, 0.049199999999999924, 0.07380000000000023, 0.006642000000000005, 492, 615, 738, 125054, 124054, 123, 246, undefined, 1493685016124
Booster, Armed, 1301.2399999999989, 32.989312400000145, -106.97303760000074, 124, 248, 372, 0.04959999999999992, 0.07440000000000023, 0.006696000000000005, 496, 620, 744, 125176, 124052, 124, 248, undefined, 1493685016224
Sustainer, Armed, 1300.123999999997, 32.989312400000145, -106.97303760000074, 124, 248, 372, 0.04959999999999992, 0.07440000000000023, 0.006696000000000005, 496, 620, 744, 126052, 125052, 124, 248, undefined, 1493685016224
Booster, Armed, 1301.2499999999989, 32.989312500000146, -106.97303750000074, 125, 250, 375, 0.04999999999999992, 0.07500000000000023, 0.006750000000000005, 500, 625, 750, 126175, 125050, 125, 250, undefined, 1493685016325
Sustainer, Armed, 1300.124999999997, 32.989312500000146, -106.97303750000074, 125, 250, 375, 0.04999999999999992, 0.07500000000000023, 0.006750000000000005, 500, 625, 750, 127050, 126050, 125, 250, undefined, 1493685016325
Booster, Armed, 1301.2599999999989, 32.98931260000015, -106.97303740000075, 126, 252, 378, 0.05039999999999992, 0.07560000000000024, 0.006804000000000005, 504, 630, 756, 127174, 126048, 126, 252, undefined, 1493685016425
Sustainer, Armed, 1300.125999999997, 32.98931260000015, -106.97303740000075, 126, 252, 378, 0.05039999999999992, 0.07560000000000024, 0.006804000000000005, 504, 630, 756, 128048, 127048, 126, 252, undefined, 1493685016425
Booster, Armed, 1301.2699999999988, 32.98931270000015, -106.97303730000075, 127, 254, 381, 0.050799999999999915, 0.07620000000000024, 0.006858000000000006, 508, 635, 762, 128173, 127046, 127, 254, undefined, 1493685016525
Sustainer, Armed, 1300.126999999997, 32.98931270000015, -106.97303730000075, 127, 254, 381, 0.050799999999999915, 0.07620000000000024, 0.006858000000000006, 508, 635, 762, 129046, 128046, 127, 254, undefined, 1493685016525
Booster, Armed, 1301.2799999999988, 32.98931280000015, -106.97303720000076, 128, 256, 384, 0.05119999999999991, 0.07680000000000024, 0.006912000000000006, 512, 640, 768, 129172, 128044, 128, 256, undefined, 1493685016626
Sustainer, Armed, 1300.127999999997, 32.98931280000015, -106.97303720000076, 128, 256, 384, 0.05119999999999991, 0.07680000000000024, 0.006912000000000006, 512, 640, 768, 130044, 129044, 128, 256, undefined, 1493685016626
Booster, Armed, 1301.2899999999988, 32.98931290000015, -106.97303710000077, 129, 258, 387, 0.05159999999999991, 0.07740000000000025, 0.006966000000000006, 516, 645, 774, 130171, 129042, 129, 258, undefined, 1493685016726
Sustainer, Armed, 1300.128999999997, 32.98931290000015, -106.97303710000077, 129, 258, 387, 0.05159999999999991, 0.07740000000000025, 0.006966000000000006, 516, 645, 774, 131042, 130042, 129, 258, undefined, 1493685016729
Booster, Armed, 1301.2999999999988, 32.98931300000015, -106.97303700000077, 130, 260, 390, 0.05199999999999991, 0.07800000000000025, 0.007020000000000006, 520, 650, 780, 131170, 130040, 130, 260, undefined, 1493685016829
Sustainer, Armed, 1300.129999999997, 32.98931300000015, -106.97303700000077, 130, 260, 390, 0.05199999999999991, 0.07800000000000025, 0.007020000000000006, 520, 650, 780, 132040, 131040, 130, 260, undefined, 1493685016829
Booster, Armed, 1301.3099999999988, 32.98931310000015, -106.97303690000078, 131, 262, 393, 0.052399999999999905, 0.07860000000000025, 0.0070740000000000065, 524, 655, 786, 132169, 131038, 131, 262, undefined, 1493685016929
Sustainer, Armed, 1300.130999999997, 32.98931310000015, -106.97303690000078, 131, 262, 393, 0.052399999999999905, 0.07860000000000025, 0.0070740000000000065, 524, 655, 786, 133038, 132038, 131, 262, undefined, 1493685016929
Booster, Armed, 1301.3199999999988, 32.989313200000154, -106.97303680000078, 132, 264, 396, 0.0527999999999999, 0.07920000000000026, 0.007128000000000007, 528, 660, 792, 133168, 132036, 132, 264, undefined, 1493685017030
Sustainer, Armed, 1300.1319999999969, 32.989313200000154, -106.97303680000078, 132, 264, 396, 0.0527999999999999, 0.07920000000000026, 0.007128000000000007, 528, 660, 792, 134036, 133036, 132, 264, undefined, 1493685017030
Booster, Armed, 1301.3299999999988, 32.989313300000155, -106.97303670000079, 133, 266, 399, 0.0531999999999999, 0.07980000000000026, 0.007182000000000007, 532, 665, 798, 134167, 133034, 133, 266, undefined, 1493685017130
Sustainer, Armed, 1300.1329999999969, 32.989313300000155, -106.97303670000079, 133, 266, 399, 0.0531999999999999, 0.07980000000000026, 0.007182000000000007, 532, 665, 798, 135034, 134034, 133, 266, undefined, 1493685017130
Booster, Armed, 1301.3399999999988, 32.98931340000016, -106.9730366000008, 134, 268, 402, 0.0535999999999999, 0.08040000000000026, 0.007236000000000007, 536, 670, 804, 135166, 134032, 134, 268, undefined, 1493685017230
Sustainer, Armed, 1300.1339999999968, 32.98931340000016, -106.9730366000008, 134, 268, 402, 0.0535999999999999, 0.08040000000000026, 0.007236000000000007, 536, 670, 804, 136032, 135032, 134, 268, undefined, 1493685017230
Booster, Armed, 1301.3499999999988, 32.98931350000016, -106.9730365000008, 135, 270, 405, 0.053999999999999895, 0.08100000000000027, 0.007290000000000007, 540, 675, 810, 136165, 135030, 135, 270, undefined, 1493685017331
Sustainer, Armed, 1300.1349999999968, 32.98931350000016, -106.9730365000008, 135, 270, 405, 0.053999999999999895, 0.08100000000000027, 0.007290000000000007, 540, 675, 810, 137030, 136030, 135, 270, undefined, 1493685017331
Booster, Armed, 1301.3599999999988, 32.98931360000016, -106.97303640000081, 136, 272, 408, 0.05439999999999989, 0.08160000000000027, 0.007344000000000008, 544, 680, 816, 137164, 136028, 136, 272, undefined, 1493685017432
Sustainer, Armed, 1300.1359999999968, 32.98931360000016, -106.97303640000081, 136, 272, 408, 0.05439999999999989, 0.08160000000000027, 0.007344000000000008, 544, 680, 816, 138028, 137028, 136, 272, undefined, 1493685017432
Booster, Armed, 1301.3699999999988, 32.98931370000016, -106.97303630000081, 137, 274, 411, 0.05479999999999989, 0.08220000000000027, 0.007398000000000008, 548, 685, 822, 138163, 137026, 137, 274, undefined, 1493685017532
Sustainer, Armed, 1300.1369999999968, 32.98931370000016, -106.97303630000081, 137, 274, 411, 0.05479999999999989, 0.08220000000000027, 0.007398000000000008, 548, 685, 822, 139026, 138026, 137, 274, undefined, 1493685017532
Booster, Armed, 1301.3799999999987, 32.98931380000016, -106.97303620000082, 138, 276, 414, 0.05519999999999989, 0.08280000000000028, 0.007452000000000008, 552, 690, 828, 139162, 138024, 138, 276, undefined, 1493685017632
Sustainer, Armed, 1300.1379999999967, 32.98931380000016, -106.97303620000082, 138, 276, 414, 0.05519999999999989, 0.08280000000000028, 0.007452000000000008, 552, 690, 828, 140024, 139024, 138, 276, undefined, 1493685017632
Booster, Armed, 1301.3899999999987, 32.98931390000016, -106.97303610000083, 139, 278, 417, 0.055599999999999886, 0.08340000000000028, 0.007506000000000008, 556, 695, 834, 140161, 139022, 139, 278, undefined, 1493685017732
Sustainer, Armed, 1300.1389999999967, 32.98931390000016, -106.97303610000083, 139, 278, 417, 0.055599999999999886, 0.08340000000000028, 0.007506000000000008, 556, 695, 834, 141022, 140022, 139, 278, undefined, 1493685017732
Booster, Armed, 1301.3999999999987, 32.989314000000164, -106.97303600000083, 140, 280, 420, 0.05599999999999988, 0.08400000000000028, 0.0075600000000000086, 560, 700, 840, 141160, 140020, 140, 280, undefined, 1493685017833
Sustainer, Armed, 1300.1399999999967, 32.989314000000164, -106.97303600000083, 140, 280, 420, 0.05599999999999988, 0.08400000000000028, 0.0075600000000000086, 560, 700, 840, 142020, 141020, 140, 280, undefined, 1493685017833
Booster, Armed, 1301.4099999999987, 32.989314100000165, -106.97303590000084, 141, 282, 423, 0.05639999999999988, 0.08460000000000029, 0.007614000000000009, 564, 705, 846, 142159, 141018, 141, 282, undefined, 1493685017933
Sustainer, Armed, 1300.1409999999967, 32.989314100000165, -106.97303590000084, 141, 282, 423, 0.05639999999999988, 0.08460000000000029, 0.007614000000000009, 564, 705, 846, 143018, 142018, 141, 282, undefined, 1493685017933
Booster, Armed, 1301.4199999999987, 32.989314200000166, -106.97303580000084, 142, 284, 426, 0.05679999999999988, 0.08520000000000029, 0.007668000000000009, 568, 710, 852, 143158, 142016, 142, 284, undefined, 1493685018033
Sustainer, Armed, 1300.1419999999966, 32.989314200000166, -106.97303580000084, 142, 284, 426, 0.05679999999999988, 0.08520000000000029, 0.007668000000000009, 568, 710, 852, 144016, 143016, 142, 284, undefined, 1493685018033
Booster, Armed, 1301.4299999999987, 32.98931430000017, -106.97303570000085, 143, 286, 429, 0.057199999999999876, 0.08580000000000029, 0.007722000000000009, 572, 715, 858, 144157, 143014, 143, 286, undefined, 1493685018133
Sustainer, Armed, 1300.1429999999966, 32.98931430000017, -106.97303570000085, 143, 286, 429, 0.057199999999999876, 0.08580000000000029, 0.007722000000000009, 572, 715, 858, 145014, 144014, 143, 286, undefined, 1493685018133
Booster, Armed, 1301.4399999999987, 32.98931440000017, -106.97303560000086, 144, 288, 432, 0.057599999999999874, 0.0864000000000003, 0.0077760000000000095, 576, 720, 864, 145156, 144012, 144, 288, undefined, 1493685018233
Sustainer, Armed, 1300.1439999999966, 32.98931440000017, -106.97303560000086, 144, 288, 432, 0.057599999999999874, 0.0864000000000003, 0.0077760000000000095, 576, 720, 864, 146012, 145012, 144, 288, undefined, 1493685018233
Booster, Armed, 1301.4499999999987, 32.98931450000017, -106.97303550000086, 145, 290, 435, 0.05799999999999987, 0.0870000000000003, 0.007830000000000009, 580, 725, 870, 146155, 145010, 145, 290, undefined, 1493685018334
Sustainer, Armed, 1300.1449999999966, 32.98931450000017, -106.97303550000086, 145, 290, 435, 0.05799999999999987, 0.0870000000000003, 0.007830000000000009, 580, 725, 870, 147010, 146010, 145, 290, undefined, 1493685018334
Booster, Armed, 1301.4599999999987, 32.98931460000017, -106.97303540000087, 146, 292, 438, 0.05839999999999987, 0.0876000000000003, 0.007884000000000009, 584, 730, 876, 147154, 146008, 146, 292, undefined, 1493685018434
Sustainer, Armed, 1300.1459999999965, 32.98931460000017, -106.97303540000087, 146, 292, 438, 0.05839999999999987, 0.0876000000000003, 0.007884000000000009, 584, 730, 876, 148008, 147008, 146, 292, undefined, 1493685018434
Booster, Armed, 1301.4699999999987, 32.98931470000017, -106.97303530000087, 147, 294, 441, 0.058799999999999866, 0.0882000000000003, 0.00793800000000001, 588, 735, 882, 148153, 147006, 147, 294, undefined, 1493685018535
Sustainer, Armed, 1300.1469999999965, 32.98931470000017, -106.97303530000087, 147, 294, 441, 0.058799999999999866, 0.0882000000000003, 0.00793800000000001, 588, 735, 882, 149006, 148006, 147, 294, undefined, 1493685018535
Booster, Armed, 1301.4799999999987, 32.98931480000017, -106.97303520000088, 148, 296, 444, 0.059199999999999864, 0.08880000000000031, 0.00799200000000001, 592, 740, 888, 149152, 148004, 148, 296, undefined, 1493685018635
Sustainer, Armed, 1300.1479999999965, 32.98931480000017, -106.97303520000088, 148, 296, 444, 0.059199999999999864, 0.08880000000000031, 0.00799200000000001, 592, 740, 888, 150004, 149004, 148, 296, undefined, 1493685018635
Booster, Armed, 1301.4899999999986, 32.989314900000174, -106.97303510000089, 149, 298, 447, 0.05959999999999986, 0.08940000000000031, 0.00804600000000001, 596, 745, 894, 150151, 149002, 149, 298, undefined, 1493685018736
Sustainer, Armed, 1300.1489999999965, 32.989314900000174, -106.97303510000089, 149, 298, 447, 0.05959999999999986, 0.08940000000000031, 0.00804600000000001, 596, 745, 894, 151002, 150002, 149, 298, undefined, 1493685018736
Booster, Armed, 1301.4999999999986, 32.989315000000175, -106.97303500000089, 150, 300, 450, 0.05999999999999986, 0.09000000000000032, 0.00810000000000001, 600, 750, 900, 151150, 150000, 150, 300, undefined, 1493685018836
Sustainer, Armed, 1300.1499999999965, 32.989315000000175, -106.97303500000089, 150, 300, 450, 0.05999999999999986, 0.09000000000000032, 0.00810000000000001, 600, 750, 900, 152000, 151000, 150, 300, undefined, 1493685018836
Booster, Armed, 1301.5099999999986, 32.98931510000018, -106.9730349000009, 151, 302, 453, 0.06039999999999986, 0.09060000000000032, 0.00815400000000001, 604, 755, 906, 152149, 150998, 151, 302, undefined, 1493685018936
Sustainer, Armed, 1300.1509999999964, 32.98931510000018, -106.9730349000009, 151, 302, 453, 0.06039999999999986, 0.09060000000000032, 0.00815400000000001, 604, 755, 906, 152998, 151998, 151, 302, undefined, 1493685018936
Booster, Armed, 1301.5199999999986, 32.98931520000018, -106.9730348000009, 152, 304, 456, 0.060799999999999854, 0.09120000000000032, 0.00820800000000001, 608, 760, 912, 153148, 151996, 152, 304, undefined, 1493685019036
Sustainer, Armed, 1300.1519999999964, 32.98931520000018, -106.9730348000009, 152, 304, 456, 0.060799999999999854, 0.09120000000000032, 0.00820800000000001, 608, 760, 912, 153996, 152996, 152, 304, undefined, 1493685019036
Booster, Armed, 1301.5299999999986, 32.98931530000018, -106.97303470000091, 153, 306, 459, 0.06119999999999985, 0.09180000000000033, 0.00826200000000001, 612, 765, 918, 154147, 152994, 153, 306, undefined, 1493685019137
Sustainer, Armed, 1300.1529999999964, 32.98931530000018, -106.97303470000091, 153, 306, 459, 0.06119999999999985, 0.09180000000000033, 0.00826200000000001, 612, 765, 918, 154994, 153994, 153, 306, undefined, 1493685019137
Booster, Armed, 1301.5399999999986, 32.98931540000018, -106.97303460000091, 154, 308, 462, 0.06159999999999985, 0.09240000000000033, 0.008316000000000011, 616, 770, 924, 155146, 153992, 154, 308, undefined, 1493685019237
Sustainer, Armed, 1300.1539999999964, 32.98931540000018, -106.97303460000091, 154, 308, 462, 0.06159999999999985, 0.09240000000000033, 0.008316000000000011, 616, 770, 924, 155992, 154992, 154, 308, undefined, 1493685019237
Booster, Armed, 1301.5499999999986, 32.98931550000018, -106.97303450000092, 155, 310, 465, 0.06199999999999985, 0.09300000000000033, 0.008370000000000011, 620, 775, 930, 156145, 154990, 155, 310, undefined, 1493685019337
Sustainer, Armed, 1300.1549999999963, 32.98931550000018, -106.97303450000092, 155, 310, 465, 0.06199999999999985, 0.09300000000000033, 0.008370000000000011, 620, 775, 930, 156990, 155990, 155, 310, undefined, 1493685019337
Booster, Armed, 1301.5599999999986, 32.98931560000018, -106.97303440000093, 156, 312, 468, 0.062399999999999844, 0.09360000000000034, 0.008424000000000011, 624, 780, 936, 157144, 155988, 156, 312, undefined, 1493685019437
Sustainer, Armed, 1300.1559999999963, 32.98931560000018, -106.97303440000093, 156, 312, 468, 0.062399999999999844, 0.09360000000000034, 0.008424000000000011, 624, 780, 936, 157988, 156988, 156, 312, undefined, 1493685019437
Booster, Armed, 1301.5699999999986, 32.98931570000018, -106.97303430000093, 157, 314, 471, 0.06279999999999984, 0.09420000000000034, 0.008478000000000012, 628, 785, 942, 158143, 156986, 157, 314, undefined, 1493685019538
Sustainer, Armed, 1300.1569999999963, 32.98931570000018, -106.97303430000093, 157, 314, 471, 0.06279999999999984, 0.09420000000000034, 0.008478000000000012, 628, 785, 942, 158986, 157986, 157, 314, undefined, 1493685019538
Booster, Armed, 1301.5799999999986, 32.989315800000185, -106.97303420000094, 158, 316, 474, 0.06319999999999984, 0.09480000000000034, 0.008532000000000012, 632, 790, 948, 159142, 157984, 158, 316, undefined, 1493685019638
Sustainer, Armed, 1300.1579999999963, 32.989315800000185, -106.97303420000094, 158, 316, 474, 0.06319999999999984, 0.09480000000000034, 0.008532000000000012, 632, 790, 948, 159984, 158984, 158, 316, undefined, 1493685019638
Booster, Armed, 1301.5899999999986, 32.989315900000186, -106.97303410000094, 159, 318, 477, 0.06359999999999984, 0.09540000000000035, 0.008586000000000012, 636, 795, 954, 160141, 158982, 159, 318, undefined, 1493685019738
Sustainer, Armed, 1300.1589999999962, 32.989315900000186, -106.97303410000094, 159, 318, 477, 0.06359999999999984, 0.09540000000000035, 0.008586000000000012, 636, 795, 954, 160982, 159982, 159, 318, undefined, 1493685019738
Booster, Armed, 1301.5999999999985, 32.98931600000019, -106.97303400000095, 160, 320, 480, 0.06399999999999983, 0.09600000000000035, 0.008640000000000012, 640, 800, 960, 161140, 159980, 160, 320, undefined, 1493685019839
Sustainer, Armed, 1300.1599999999962, 32.98931600000019, -106.97303400000095, 160, 320, 480, 0.06399999999999983, 0.09600000000000035, 0.008640000000000012, 640, 800, 960, 161980, 160980, 160, 320, undefined, 1493685019839
Booster, Armed, 1301.6099999999985, 32.98931610000019, -106.97303390000096, 161, 322, 483, 0.06439999999999983, 0.09660000000000035, 0.008694000000000012, 644, 805, 966, 162139, 160978, 161, 322, undefined, 1493685019939
Sustainer, Armed, 1300.1609999999962, 32.98931610000019, -106.97303390000096, 161, 322, 483, 0.06439999999999983, 0.09660000000000035, 0.008694000000000012, 644, 805, 966, 162978, 161978, 161, 322, undefined, 1493685019939
Booster, Armed, 1301.6199999999985, 32.98931620000019, -106.97303380000096, 162, 324, 486, 0.06479999999999983, 0.09720000000000036, 0.008748000000000013, 648, 810, 972, 163138, 161976, 162, 324, undefined, 1493685020039
Sustainer, Armed, 1300.1619999999962, 32.98931620000019, -106.97303380000096, 162, 324, 486, 0.06479999999999983, 0.09720000000000036, 0.008748000000000013, 648, 810, 972, 163976, 162976, 162, 324, undefined, 1493685020039
Booster, Armed, 1301.6299999999985, 32.98931630000019, -106.97303370000097, 163, 326, 489, 0.06519999999999983, 0.09780000000000036, 0.008802000000000013, 652, 815, 978, 164137, 162974, 163, 326, undefined, 1493685020139
Sustainer, Armed, 1300.1629999999961, 32.98931630000019, -106.97303370000097, 163, 326, 489, 0.06519999999999983, 0.09780000000000036, 0.008802000000000013, 652, 815, 978, 164974, 163974, 163, 326, undefined, 1493685020139
Booster, Armed, 1301.6399999999985, 32.98931640000019, -106.97303360000097, 164, 328, 492, 0.06559999999999983, 0.09840000000000036, 0.008856000000000013, 656, 820, 984, 165136, 163972, 164, 328, undefined, 1493685020239
Sustainer, Armed, 1300.1639999999961, 32.98931640000019, -106.97303360000097, 164, 328, 492, 0.06559999999999983, 0.09840000000000036, 0.008856000000000013, 656, 820, 984, 165972, 164972, 164, 328, undefined, 1493685020239
Booster, Armed, 1301.6499999999985, 32.98931650000019, -106.97303350000098, 165, 330, 495, 0.06599999999999982, 0.09900000000000037, 0.008910000000000013, 660, 825, 990, 166135, 164970, 165, 330, undefined, 1493685020341
Sustainer, Armed, 1300.164999999996, 32.98931650000019, -106.97303350000098, 165, 330, 495, 0.06599999999999982, 0.09900000000000037, 0.008910000000000013, 660, 825, 990, 166970, 165970, 165, 330, undefined, 1493685020341
Booster, Armed, 1301.6599999999985, 32.989316600000194, -106.97303340000099, 166, 332, 498, 0.06639999999999982, 0.09960000000000037, 0.008964000000000014, 664, 830, 996, 167134, 165968, 166, 332, undefined, 1493685020441
Sustainer, Armed, 1300.165999999996, 32.989316600000194, -106.97303340000099, 166, 332, 498, 0.06639999999999982, 0.09960000000000037, 0.008964000000000014, 664, 830, 996, 167968, 166968, 166, 332, undefined, 1493685020442
Booster, Armed, 1301.6699999999985, 32.989316700000195, -106.97303330000099, 167, 334, 501, 0.06679999999999982, 0.10020000000000037, 0.009018000000000014, 668, 835, 1002, 168133, 166966, 167, 334, undefined, 1493685020542
Sustainer, Armed, 1300.166999999996, 32.989316700000195, -106.97303330000099, 167, 334, 501, 0.06679999999999982, 0.10020000000000037, 0.009018000000000014, 668, 835, 1002, 168966, 167966, 167, 334, undefined, 1493685020542
Booster, Armed, 1301.6799999999985, 32.989316800000196, -106.973033200001, 168, 336, 504, 0.06719999999999982, 0.10080000000000038, 0.009072000000000014, 672, 840, 1008, 169132, 167964, 168, 336, undefined, 1493685020643
Sustainer, Armed, 1300.167999999996, 32.989316800000196, -106.973033200001, 168, 336, 504, 0.06719999999999982, 0.10080000000000038, 0.009072000000000014, 672, 840, 1008, 169964, 168964, 168, 336, undefined, 1493685020643
Booster, Armed, 1301.6899999999985, 32.9893169000002, -106.973033100001, 169, 338, 507, 0.06759999999999981, 0.10140000000000038, 0.009126000000000014, 676, 845, 1014, 170131, 168962, 169, 338, undefined, 1493685020744
Sustainer, Armed, 1300.168999999996, 32.9893169000002, -106.973033100001, 169, 338, 507, 0.06759999999999981, 0.10140000000000038, 0.009126000000000014, 676, 845, 1014, 170962, 169962, 169, 338, undefined, 1493685020744
Booster, Armed, 1301.6999999999985, 32.9893170000002, -106.97303300000101, 170, 340, 510, 0.06799999999999981, 0.10200000000000038, 0.009180000000000015, 680, 850, 1020, 171130, 169960, 170, 340, undefined, 1493685020843
Sustainer, Armed, 1300.169999999996, 32.9893170000002, -106.97303300000101, 170, 340, 510, 0.06799999999999981, 0.10200000000000038, 0.009180000000000015, 680, 850, 1020, 171960, 170960, 170, 340, undefined, 1493685020843
Booster, Armed, 1301.7099999999984, 32.9893171000002, -106.97303290000102, 171, 342, 513, 0.06839999999999981, 0.10260000000000039, 0.009234000000000015, 684, 855, 1026, 172129, 170958, 171, 342, undefined, 1493685020943
Sustainer, Armed, 1300.170999999996, 32.9893171000002, -106.97303290000102, 171, 342, 513, 0.06839999999999981, 0.10260000000000039, 0.009234000000000015, 684, 855, 1026, 172958, 171958, 171, 342, undefined, 1493685020943
Booster, Armed, 1301.7199999999984, 32.9893172000002, -106.97303280000102, 172, 344, 516, 0.0687999999999998, 0.10320000000000039, 0.009288000000000015, 688, 860, 1032, 173128, 171956, 172, 344, undefined, 1493685021044
Sustainer, Armed, 1300.171999999996, 32.9893172000002, -106.97303280000102, 172, 344, 516, 0.0687999999999998, 0.10320000000000039, 0.009288000000000015, 688, 860, 1032, 173956, 172956, 172, 344, undefined, 1493685021044
Booster, Armed, 1301.7299999999984, 32.9893173000002, -106.97303270000103, 173, 346, 519, 0.0691999999999998, 0.10380000000000039, 0.009342000000000015, 692, 865, 1038, 174127, 172954, 173, 346, undefined, 1493685021144
Sustainer, Armed, 1300.172999999996, 32.9893173000002, -106.97303270000103, 173, 346, 519, 0.0691999999999998, 0.10380000000000039, 0.009342000000000015, 692, 865, 1038, 174954, 173954, 173, 346, undefined, 1493685021144
Booster, Armed, 1301.7399999999984, 32.9893174000002, -106.97303260000103, 174, 348, 522, 0.0695999999999998, 0.1044000000000004, 0.009396000000000015, 696, 870, 1044, 175126, 173952, 174, 348, undefined, 1493685021244
Sustainer, Armed, 1300.1739999999959, 32.9893174000002, -106.97303260000103, 174, 348, 522, 0.0695999999999998, 0.1044000000000004, 0.009396000000000015, 696, 870, 1044, 175952, 174952, 174, 348, undefined, 1493685021244
Booster, Armed, 1301.7499999999984, 32.989317500000205, -106.97303250000104, 175, 350, 525, 0.0699999999999998, 0.1050000000000004, 0.009450000000000016, 700, 875, 1050, 176125, 174950, 175, 350, undefined, 1493685021344
Sustainer, Armed, 1300.1749999999959, 32.989317500000205, -106.97303250000104, 175, 350, 525, 0.0699999999999998, 0.1050000000000004, 0.009450000000000016, 700, 875, 1050, 176950, 175950, 175, 350, undefined, 1493685021344
Booster, Armed, 1301.7599999999984, 32.989317600000206, -106.97303240000105, 176, 352, 528, 0.0703999999999998, 0.1056000000000004, 0.009504000000000016, 704, 880, 1056, 177124, 175948, 176, 352, undefined, 1493685021444
Sustainer, Armed, 1300.1759999999958, 32.989317600000206, -106.97303240000105, 176, 352, 528, 0.0703999999999998, 0.1056000000000004, 0.009504000000000016, 704, 880, 1056, 177948, 176948, 176, 352, undefined, 1493685021444
Booster, Armed, 1301.7699999999984, 32.98931770000021, -106.97303230000105, 177, 354, 531, 0.0707999999999998, 0.1062000000000004, 0.009558000000000016, 708, 885, 1062, 178123, 176946, 177, 354, undefined, 1493685021545
Sustainer, Armed, 1300.1769999999958, 32.98931770000021, -106.97303230000105, 177, 354, 531, 0.0707999999999998, 0.1062000000000004, 0.009558000000000016, 708, 885, 1062, 178946, 177946, 177, 354, undefined, 1493685021545
Booster, Armed, 1301.7799999999984, 32.98931780000021, -106.97303220000106, 178, 356, 534, 0.07119999999999979, 0.10680000000000041, 0.009612000000000016, 712, 890, 1068, 179122, 177944, 178, 356, undefined, 1493685021645
Sustainer, Armed, 1300.1779999999958, 32.98931780000021, -106.97303220000106, 178, 356, 534, 0.07119999999999979, 0.10680000000000041, 0.009612000000000016, 712, 890, 1068, 179944, 178944, 178, 356, undefined, 1493685021645
Booster, Armed, 1301.7899999999984, 32.98931790000021, -106.97303210000106, 179, 358, 537, 0.07159999999999979, 0.10740000000000041, 0.009666000000000017, 716, 895, 1074, 180121, 178942, 179, 358, undefined, 1493685021745
Sustainer, Armed, 1300.1789999999958, 32.98931790000021, -106.97303210000106, 179, 358, 537, 0.07159999999999979, 0.10740000000000041, 0.009666000000000017, 716, 895, 1074, 180942, 179942, 179, 358, undefined, 1493685021745
Booster, Armed, 1301.7999999999984, 32.98931800000021, -106.97303200000107, 180, 360, 540, 0.07199999999999979, 0.10800000000000042, 0.009720000000000017, 720, 900, 1080, 181120, 179940, 180, 360, undefined, 1493685021845
Sustainer, Armed, 1300.1799999999957, 32.98931800000021, -106.97303200000107, 180, 360, 540, 0.07199999999999979, 0.10800000000000042, 0.009720000000000017, 720, 900, 1080, 181940, 180940, 180, 360, undefined, 1493685021845
Booster, Armed, 1301.8099999999984, 32.98931810000021, -106.97303190000108, 181, 362, 543, 0.07239999999999978, 0.10860000000000042, 0.009774000000000017, 724, 905, 1086, 182119, 180938, 181, 362, undefined, 1493685021945
Sustainer, Armed, 1300.1809999999957, 32.98931810000021, -106.97303190000108, 181, 362, 543, 0.07239999999999978, 0.10860000000000042, 0.009774000000000017, 724, 905, 1086, 182938, 181938, 181, 362, undefined, 1493685021945
Booster, Armed, 1301.8199999999983, 32.98931820000021, -106.97303180000108, 182, 364, 546, 0.07279999999999978, 0.10920000000000042, 0.009828000000000017, 728, 910, 1092, 183118, 181936, 182, 364, undefined, 1493685022045
Sustainer, Armed, 1300.1819999999957, 32.98931820000021, -106.97303180000108, 182, 364, 546, 0.07279999999999978, 0.10920000000000042, 0.009828000000000017, 728, 910, 1092, 183936, 182936, 182, 364, undefined, 1493685022045
Booster, Armed, 1301.8299999999983, 32.989318300000214, -106.97303170000109, 183, 366, 549, 0.07319999999999978, 0.10980000000000043, 0.009882000000000018, 732, 915, 1098, 184117, 182934, 183, 366, undefined, 1493685022146
Sustainer, Armed, 1300.1829999999957, 32.989318300000214, -106.97303170000109, 183, 366, 549, 0.07319999999999978, 0.10980000000000043, 0.009882000000000018, 732, 915, 1098, 184934, 183934, 183, 366, undefined, 1493685022146
Booster, Armed, 1301.8399999999983, 32.989318400000215, -106.9730316000011, 184, 368, 552, 0.07359999999999978, 0.11040000000000043, 0.009936000000000018, 736, 920, 1104, 185116, 183932, 184, 368, undefined, 1493685022246
Sustainer, Armed, 1300.1839999999956, 32.989318400000215, -106.9730316000011, 184, 368, 552, 0.07359999999999978, 0.11040000000000043, 0.009936000000000018, 736, 920, 1104, 185932, 184932, 184, 368, undefined, 1493685022246
Booster, Armed, 1301.8499999999983, 32.989318500000216, -106.9730315000011, 185, 370, 555, 0.07399999999999977, 0.11100000000000043, 0.009990000000000018, 740, 925, 1110, 186115, 184930, 185, 370, undefined, 1493685022346
Sustainer, Armed, 1300.1849999999956, 32.989318500000216, -106.9730315000011, 185, 370, 555, 0.07399999999999977, 0.11100000000000043, 0.009990000000000018, 740, 925, 1110, 186930, 185930, 185, 370, undefined, 1493685022346
Booster, Armed, 1301.8599999999983, 32.98931860000022, -106.9730314000011, 186, 372, 558, 0.07439999999999977, 0.11160000000000043, 0.010044000000000018, 744, 930, 1116, 187114, 185928, 186, 372, undefined, 1493685022446
Sustainer, Armed, 1300.1859999999956, 32.98931860000022, -106.9730314000011, 186, 372, 558, 0.07439999999999977, 0.11160000000000043, 0.010044000000000018, 744, 930, 1116, 187928, 186928, 186, 372, undefined, 1493685022446
Booster, Armed, 1301.8699999999983, 32.98931870000022, -106.97303130000111, 187, 374, 561, 0.07479999999999977, 0.11220000000000044, 0.010098000000000018, 748, 935, 1122, 188113, 186926, 187, 374, undefined, 1493685022546
Sustainer, Armed, 1300.1869999999956, 32.98931870000022, -106.97303130000111, 187, 374, 561, 0.07479999999999977, 0.11220000000000044, 0.010098000000000018, 748, 935, 1122, 188926, 187926, 187, 374, undefined, 1493685022546
Booster, Armed, 1301.8799999999983, 32.98931880000022, -106.97303120000112, 188, 376, 564, 0.07519999999999977, 0.11280000000000044, 0.010152000000000019, 752, 940, 1128, 189112, 187924, 188, 376, undefined, 1493685022646
Sustainer, Armed, 1300.1879999999956, 32.98931880000022, -106.97303120000112, 188, 376, 564, 0.07519999999999977, 0.11280000000000044, 0.010152000000000019, 752, 940, 1128, 189924, 188924, 188, 376, undefined, 1493685022646
Booster, Armed, 1301.8899999999983, 32.98931890000022, -106.97303110000112, 189, 378, 567, 0.07559999999999976, 0.11340000000000044, 0.010206000000000019, 756, 945, 1134, 190111, 188922, 189, 378, undefined, 1493685022748
Sustainer, Armed, 1300.1889999999955, 32.98931890000022, -106.97303110000112, 189, 378, 567, 0.07559999999999976, 0.11340000000000044, 0.010206000000000019, 756, 945, 1134, 190922, 189922, 189, 378, undefined, 1493685022748
Booster, Armed, 1301.8999999999983, 32.98931900000022, -106.97303100000113, 190, 380, 570, 0.07599999999999976, 0.11400000000000045, 0.010260000000000019, 760, 950, 1140, 191110, 189920, 190, 380, undefined, 1493685022849
Sustainer, Armed, 1300.1899999999955, 32.98931900000022, -106.97303100000113, 190, 380, 570, 0.07599999999999976, 0.11400000000000045, 0.010260000000000019, 760, 950, 1140, 191920, 190920, 190, 380, undefined, 1493685022849
Booster, Armed, 1301.9099999999983, 32.98931910000022, -106.97303090000113, 191, 382, 573, 0.07639999999999976, 0.11460000000000045, 0.01031400000000002, 764, 955, 1146, 192109, 190918, 191, 382, undefined, 1493685022949
Sustainer, Armed, 1300.1909999999955, 32.98931910000022, -106.97303090000113, 191, 382, 573, 0.07639999999999976, 0.11460000000000045, 0.01031400000000002, 764, 955, 1146, 192918, 191918, 191, 382, undefined, 1493685022949
Booster, Armed, 1301.9199999999983, 32.989319200000224, -106.97303080000114, 192, 384, 576, 0.07679999999999976, 0.11520000000000045, 0.01036800000000002, 768, 960, 1152, 193108, 191916, 192, 384, undefined, 1493685023049
Sustainer, Armed, 1300.1919999999955, 32.989319200000224, -106.97303080000114, 192, 384, 576, 0.07679999999999976, 0.11520000000000045, 0.01036800000000002, 768, 960, 1152, 193916, 192916, 192, 384, undefined, 1493685023049
Booster, Armed, 1301.9299999999982, 32.989319300000226, -106.97303070000115, 193, 386, 579, 0.07719999999999975, 0.11580000000000046, 0.01042200000000002, 772, 965, 1158, 194107, 192914, 193, 386, undefined, 1493685023149
Sustainer, Armed, 1300.1929999999954, 32.989319300000226, -106.97303070000115, 193, 386, 579, 0.07719999999999975, 0.11580000000000046, 0.01042200000000002, 772, 965, 1158, 194914, 193914, 193, 386, undefined, 1493685023149
Booster, Armed, 1301.9399999999982, 32.98931940000023, -106.97303060000115, 194, 388, 582, 0.07759999999999975, 0.11640000000000046, 0.01047600000000002, 776, 970, 1164, 195106, 193912, 194, 388, undefined, 1493685023249
Sustainer, Armed, 1300.1939999999954, 32.98931940000023, -106.97303060000115, 194, 388, 582, 0.07759999999999975, 0.11640000000000046, 0.01047600000000002, 776, 970, 1164, 195912, 194912, 194, 388, undefined, 1493685023249
Booster, Armed, 1301.9499999999982, 32.98931950000023, -106.97303050000116, 195, 390, 585, 0.07799999999999975, 0.11700000000000046, 0.01053000000000002, 780, 975, 1170, 196105, 194910, 195, 390, undefined, 1493685023350
Sustainer, Armed, 1300.1949999999954, 32.98931950000023, -106.97303050000116, 195, 390, 585, 0.07799999999999975, 0.11700000000000046, 0.01053000000000002, 780, 975, 1170, 196910, 195910, 195, 390, undefined, 1493685023350
Booster, Armed, 1301.9599999999982, 32.98931960000023, -106.97303040000116, 196, 392, 588, 0.07839999999999975, 0.11760000000000047, 0.01058400000000002, 784, 980, 1176, 197104, 195908, 196, 392, undefined, 1493685023450
Sustainer, Armed, 1300.1959999999954, 32.98931960000023, -106.97303040000116, 196, 392, 588, 0.07839999999999975, 0.11760000000000047, 0.01058400000000002, 784, 980, 1176, 197908, 196908, 196, 392, undefined, 1493685023450
Booster, Armed, 1301.9699999999982, 32.98931970000023, -106.97303030000117, 197, 394, 591, 0.07879999999999975, 0.11820000000000047, 0.01063800000000002, 788, 985, 1182, 198103, 196906, 197, 394, undefined, 1493685023550
Sustainer, Armed, 1300.1969999999953, 32.98931970000023, -106.97303030000117, 197, 394, 591, 0.07879999999999975, 0.11820000000000047, 0.01063800000000002, 788, 985, 1182, 198906, 197906, 197, 394, undefined, 1493685023551
Booster, Armed, 1301.9799999999982, 32.98931980000023, -106.97303020000118, 198, 396, 594, 0.07919999999999974, 0.11880000000000047, 0.010692000000000021, 792, 990, 1188, 199102, 197904, 198, 396, undefined, 1493685023654
Sustainer, Armed, 1300.1979999999953, 32.98931980000023, -106.97303020000118, 198, 396, 594, 0.07919999999999974, 0.11880000000000047, 0.010692000000000021, 792, 990, 1188, 199904, 198904, 198, 396, undefined, 1493685023654
Booster, Armed, 1301.9899999999982, 32.98931990000023, -106.97303010000118, 199, 398, 597, 0.07959999999999974, 0.11940000000000048, 0.010746000000000021, 796, 995, 1194, 200101, 198902, 199, 398, undefined, 1493685023756
Sustainer, Armed, 1300.1989999999953, 32.98931990000023, -106.97303010000118, 199, 398, 597, 0.07959999999999974, 0.11940000000000048, 0.010746000000000021, 796, 995, 1194, 200902, 199902, 199, 398, undefined, 1493685023756
Booster, Armed, 1301.9999999999982, 32.989320000000234, -106.97303000000119, 200, 400, 600, 0.07999999999999974, 0.12000000000000048, 0.010800000000000021, 800, 1000, 1200, 201100, 199900, 200, 400, undefined, 1493685023857
Sustainer, Armed, 1300.1999999999953, 32.989320000000234, -106.97303000000119, 200, 400, 600, 0.07999999999999974, 0.12000000000000048, 0.010800000000000021, 800, 1000, 1200, 201900, 200900, 200, 400, undefined, 1493685023857
Booster, Armed, 1302.0099999999982, 32.989320100000235, -106.9730299000012, 201, 402, 603, 0.08039999999999974, 0.12060000000000048, 0.010854000000000022, 804, 1005, 1206, 202099, 200898, 201, 402, undefined, 1493685023957
Sustainer, Armed, 1300.2009999999952, 32.989320100000235, -106.9730299000012, 201, 402, 603, 0.08039999999999974, 0.12060000000000048, 0.010854000000000022, 804, 1005, 1206, 202898, 201898, 201, 402, undefined, 1493685023957
Booster, Armed, 1302.0199999999982, 32.989320200000236, -106.9730298000012, 202, 404, 606, 0.08079999999999973, 0.12120000000000049, 0.010908000000000022, 808, 1010, 1212, 203098, 201896, 202, 404, undefined, 1493685024057
Sustainer, Armed, 1300.2019999999952, 32.989320200000236, -106.9730298000012, 202, 404, 606, 0.08079999999999973, 0.12120000000000049, 0.010908000000000022, 808, 1010, 1212, 203896, 202896, 202, 404, undefined, 1493685024057
Booster, Armed, 1302.0299999999982, 32.98932030000024, -106.9730297000012, 203, 406, 609, 0.08119999999999973, 0.12180000000000049, 0.010962000000000022, 812, 1015, 1218, 204097, 202894, 203, 406, undefined, 1493685024158
Sustainer, Armed, 1300.2029999999952, 32.98932030000024, -106.9730297000012, 203, 406, 609, 0.08119999999999973, 0.12180000000000049, 0.010962000000000022, 812, 1015, 1218, 204894, 203894, 203, 406, undefined, 1493685024158
Booster, Armed, 1302.0399999999981, 32.98932040000024, -106.97302960000121, 204, 408, 612, 0.08159999999999973, 0.1224000000000005, 0.011016000000000022, 816, 1020, 1224, 205096, 203892, 204, 408, undefined, 1493685024258
Sustainer, Armed, 1300.2039999999952, 32.98932040000024, -106.97302960000121, 204, 408, 612, 0.08159999999999973, 0.1224000000000005, 0.011016000000000022, 816, 1020, 1224, 205892, 204892, 204, 408, undefined, 1493685024258
Booster, Armed, 1302.0499999999981, 32.98932050000024, -106.97302950000122, 205, 410, 615, 0.08199999999999973, 0.1230000000000005, 0.011070000000000023, 820, 1025, 1230, 206095, 204890, 205, 410, undefined, 1493685024359
Sustainer, Armed, 1300.2049999999952, 32.98932050000024, -106.97302950000122, 205, 410, 615, 0.08199999999999973, 0.1230000000000005, 0.011070000000000023, 820, 1025, 1230, 206890, 205890, 205, 410, undefined, 1493685024359
Booster, Armed, 1302.0599999999981, 32.98932060000024, -106.97302940000122, 206, 412, 618, 0.08239999999999972, 0.1236000000000005, 0.011124000000000023, 824, 1030, 1236, 207094, 205888, 206, 412, undefined, 1493685024459
Sustainer, Armed, 1300.2059999999951, 32.98932060000024, -106.97302940000122, 206, 412, 618, 0.08239999999999972, 0.1236000000000005, 0.011124000000000023, 824, 1030, 1236, 207888, 206888, 206, 412, undefined, 1493685024459
Booster, Armed, 1302.0699999999981, 32.98932070000024, -106.97302930000123, 207, 414, 621, 0.08279999999999972, 0.1242000000000005, 0.011178000000000023, 828, 1035, 1242, 208093, 206886, 207, 414, undefined, 1493685024560
Sustainer, Armed, 1300.206999999995, 32.98932070000024, -106.97302930000123, 207, 414, 621, 0.08279999999999972, 0.1242000000000005, 0.011178000000000023, 828, 1035, 1242, 208886, 207886, 207, 414, undefined, 1493685024560
Booster, Armed, 1302.079999999998, 32.98932080000024, -106.97302920000124, 208, 416, 624, 0.08319999999999972, 0.12480000000000051, 0.011232000000000023, 832, 1040, 1248, 209092, 207884, 208, 416, undefined, 1493685024660
Sustainer, Armed, 1300.207999999995, 32.98932080000024, -106.97302920000124, 208, 416, 624, 0.08319999999999972, 0.12480000000000051, 0.011232000000000023, 832, 1040, 1248, 209884, 208884, 208, 416, undefined, 1493685024660
Booster, Armed, 1302.089999999998, 32.989320900000244, -106.97302910000124, 209, 418, 627, 0.08359999999999972, 0.1254000000000005, 0.011286000000000023, 836, 1045, 1254, 210091, 208882, 209, 418, undefined, 1493685024761
Sustainer, Armed, 1300.208999999995, 32.989320900000244, -106.97302910000124, 209, 418, 627, 0.08359999999999972, 0.1254000000000005, 0.011286000000000023, 836, 1045, 1254, 210882, 209882, 209, 418, undefined, 1493685024761
Booster, Armed, 1302.099999999998, 32.989321000000245, -106.97302900000125, 210, 420, 630, 0.08399999999999971, 0.1260000000000005, 0.011340000000000024, 840, 1050, 1260, 211090, 209880, 210, 420, undefined, 1493685024862
Sustainer, Armed, 1300.209999999995, 32.989321000000245, -106.97302900000125, 210, 420, 630, 0.08399999999999971, 0.1260000000000005, 0.011340000000000024, 840, 1050, 1260, 211880, 210880, 210, 420, undefined, 1493685024862
Booster, Armed, 1302.109999999998, 32.98932110000025, -106.97302890000125, 211, 422, 633, 0.08439999999999971, 0.1266000000000005, 0.011394000000000024, 844, 1055, 1266, 212089, 210878, 211, 422, undefined, 1493685024962
Sustainer, Armed, 1300.210999999995, 32.98932110000025, -106.97302890000125, 211, 422, 633, 0.08439999999999971, 0.1266000000000005, 0.011394000000000024, 844, 1055, 1266, 212878, 211878, 211, 422, undefined, 1493685024962
Booster, Armed, 1302.119999999998, 32.98932120000025, -106.97302880000126, 212, 424, 636, 0.08479999999999971, 0.12720000000000048, 0.011448000000000024, 848, 1060, 1272, 213088, 211876, 212, 424, undefined, 1493685025062
Sustainer, Armed, 1300.211999999995, 32.98932120000025, -106.97302880000126, 212, 424, 636, 0.08479999999999971, 0.12720000000000048, 0.011448000000000024, 848, 1060, 1272, 213876, 212876, 212, 424, undefined, 1493685025062
Booster, Armed, 1302.129999999998, 32.98932130000025, -106.97302870000127, 213, 426, 639, 0.0851999999999997, 0.12780000000000047, 0.011502000000000024, 852, 1065, 1278, 214087, 212874, 213, 426, undefined, 1493685025163
Sustainer, Armed, 1300.212999999995, 32.98932130000025, -106.97302870000127, 213, 426, 639, 0.0851999999999997, 0.12780000000000047, 0.011502000000000024, 852, 1065, 1278, 214874, 213874, 213, 426, undefined, 1493685025163
Booster, Armed, 1302.139999999998, 32.98932140000025, -106.97302860000127, 214, 428, 642, 0.0855999999999997, 0.12840000000000046, 0.011556000000000025, 856, 1070, 1284, 215086, 213872, 214, 428, undefined, 1493685025263
Sustainer, Armed, 1300.213999999995, 32.98932140000025, -106.97302860000127, 214, 428, 642, 0.0855999999999997, 0.12840000000000046, 0.011556000000000025, 856, 1070, 1284, 215872, 214872, 214, 428, undefined, 1493685025263
Booster, Armed, 1302.149999999998, 32.98932150000025, -106.97302850000128, 215, 430, 645, 0.0859999999999997, 0.12900000000000045, 0.011610000000000025, 860, 1075, 1290, 216085, 214870, 215, 430, undefined, 1493685025363
Sustainer, Armed, 1300.214999999995, 32.98932150000025, -106.97302850000128, 215, 430, 645, 0.0859999999999997, 0.12900000000000045, 0.011610000000000025, 860, 1075, 1290, 216870, 215870, 215, 430, undefined, 1493685025363
Booster, Armed, 1302.159999999998, 32.98932160000025, -106.97302840000128, 216, 432, 648, 0.0863999999999997, 0.12960000000000044, 0.011664000000000025, 864, 1080, 1296, 217084, 215868, 216, 432, undefined, 1493685025463
Sustainer, Armed, 1300.215999999995, 32.98932160000025, -106.97302840000128, 216, 432, 648, 0.0863999999999997, 0.12960000000000044, 0.011664000000000025, 864, 1080, 1296, 217868, 216868, 216, 432, undefined, 1493685025463
Booster, Armed, 1302.169999999998, 32.989321700000254, -106.97302830000129, 217, 434, 651, 0.0867999999999997, 0.13020000000000043, 0.011718000000000025, 868, 1085, 1302, 218083, 216866, 217, 434, undefined, 1493685025563
Sustainer, Armed, 1300.2169999999949, 32.989321700000254, -106.97302830000129, 217, 434, 651, 0.0867999999999997, 0.13020000000000043, 0.011718000000000025, 868, 1085, 1302, 218866, 217866, 217, 434, undefined, 1493685025563
Booster, Armed, 1302.179999999998, 32.989321800000255, -106.9730282000013, 218, 436, 654, 0.0871999999999997, 0.13080000000000042, 0.011772000000000025, 872, 1090, 1308, 219082, 217864, 218, 436, undefined, 1493685025664
Sustainer, Armed, 1300.2179999999948, 32.989321800000255, -106.9730282000013, 218, 436, 654, 0.0871999999999997, 0.13080000000000042, 0.011772000000000025, 872, 1090, 1308, 219864, 218864, 218, 436, undefined, 1493685025664
Booster, Armed, 1302.189999999998, 32.989321900000256, -106.9730281000013, 219, 438, 657, 0.08759999999999969, 0.1314000000000004, 0.011826000000000026, 876, 1095, 1314, 220081, 218862, 219, 438, undefined, 1493685025764
Sustainer, Armed, 1300.2189999999948, 32.989321900000256, -106.9730281000013, 219, 438, 657, 0.08759999999999969, 0.1314000000000004, 0.011826000000000026, 876, 1095, 1314, 220862, 219862, 219, 438, undefined, 1493685025764
Booster, Armed, 1302.199999999998, 32.98932200000026, -106.9730280000013, 220, 440, 660, 0.08799999999999969, 0.1320000000000004, 0.011880000000000026, 880, 1100, 1320, 221080, 219860, 220, 440, undefined, 1493685025864
Sustainer, Armed, 1300.2199999999948, 32.98932200000026, -106.9730280000013, 220, 440, 660, 0.08799999999999969, 0.1320000000000004, 0.011880000000000026, 880, 1100, 1320, 221860, 220860, 220, 440, undefined, 1493685025864
Booster, Armed, 1302.209999999998, 32.98932210000026, -106.97302790000131, 221, 442, 663, 0.08839999999999969, 0.13260000000000038, 0.011934000000000026, 884, 1105, 1326, 222079, 220858, 221, 442, undefined, 1493685025964
Sustainer, Armed, 1300.2209999999948, 32.98932210000026, -106.97302790000131, 221, 442, 663, 0.08839999999999969, 0.13260000000000038, 0.011934000000000026, 884, 1105, 1326, 222858, 221858, 221, 442, undefined, 1493685025964
Booster, Armed, 1302.219999999998, 32.98932220000026, -106.97302780000132, 222, 444, 666, 0.08879999999999968, 0.13320000000000037, 0.011988000000000026, 888, 1110, 1332, 223078, 221856, 222, 444, undefined, 1493685026069
Sustainer, Armed, 1300.2219999999948, 32.98932220000026, -106.97302780000132, 222, 444, 666, 0.08879999999999968, 0.13320000000000037, 0.011988000000000026, 888, 1110, 1332, 223856, 222856, 222, 444, undefined, 1493685026069
Booster, Armed, 1302.229999999998, 32.98932230000026, -106.97302770000132, 223, 446, 669, 0.08919999999999968, 0.13380000000000036, 0.012042000000000027, 892, 1115, 1338, 224077, 222854, 223, 446, undefined, 1493685026183
Sustainer, Armed, 1300.2229999999947, 32.98932230000026, -106.97302770000132, 223, 446, 669, 0.08919999999999968, 0.13380000000000036, 0.012042000000000027, 892, 1115, 1338, 224854, 223854, 223, 446, undefined, 1493685026183
Booster, Armed, 1302.239999999998, 32.98932240000026, -106.97302760000133, 224, 448, 672, 0.08959999999999968, 0.13440000000000035, 0.012096000000000027, 896, 1120, 1344, 225076, 223852, 224, 448, undefined, 1493685026297
Sustainer, Armed, 1300.2239999999947, 32.98932240000026, -106.97302760000133, 224, 448, 672, 0.08959999999999968, 0.13440000000000035, 0.012096000000000027, 896, 1120, 1344, 225852, 224852, 224, 448, undefined, 1493685026297
Booster, Armed, 1302.249999999998, 32.98932250000026, -106.97302750000134, 225, 450, 675, 0.08999999999999968, 0.13500000000000034, 0.012150000000000027, 900, 1125, 1350, 226075, 224850, 225, 450, undefined, 1493685026411
Sustainer, Armed, 1300.2249999999947, 32.98932250000026, -106.97302750000134, 225, 450, 675, 0.08999999999999968, 0.13500000000000034, 0.012150000000000027, 900, 1125, 1350, 226850, 225850, 225, 450, undefined, 1493685026411
Booster, Armed, 1302.259999999998, 32.989322600000264, -106.97302740000134, 226, 452, 678, 0.09039999999999968, 0.13560000000000033, 0.012204000000000027, 904, 1130, 1356, 227074, 225848, 226, 452, undefined, 1493685026525
Sustainer, Armed, 1300.2259999999947, 32.989322600000264, -106.97302740000134, 226, 452, 678, 0.09039999999999968, 0.13560000000000033, 0.012204000000000027, 904, 1130, 1356, 227848, 226848, 226, 452, undefined, 1493685026525
Booster, Armed, 1302.269999999998, 32.989322700000265, -106.97302730000135, 227, 454, 681, 0.09079999999999967, 0.13620000000000032, 0.012258000000000028, 908, 1135, 1362, 228073, 226846, 227, 454, undefined, 1493685026639
Sustainer, Armed, 1300.2269999999946, 32.989322700000265, -106.97302730000135, 227, 454, 681, 0.09079999999999967, 0.13620000000000032, 0.012258000000000028, 908, 1135, 1362, 228846, 227846, 227, 454, undefined, 1493685026639
Booster, Armed, 1302.279999999998, 32.98932280000027, -106.97302720000135, 228, 456, 684, 0.09119999999999967, 0.1368000000000003, 0.012312000000000028, 912, 1140, 1368, 229072, 227844, 228, 456, undefined, 1493685026753
Sustainer, Armed, 1300.2279999999946, 32.98932280000027, -106.97302720000135, 228, 456, 684, 0.09119999999999967, 0.1368000000000003, 0.012312000000000028, 912, 1140, 1368, 229844, 228844, 228, 456, undefined, 1493685026753
Booster, Armed, 1302.289999999998, 32.98932290000027, -106.97302710000136, 229, 458, 687, 0.09159999999999967, 0.1374000000000003, 0.012366000000000028, 916, 1145, 1374, 230071, 228842, 229, 458, undefined, 1493685026867
Sustainer, Armed, 1300.2289999999946, 32.98932290000027, -106.97302710000136, 229, 458, 687, 0.09159999999999967, 0.1374000000000003, 0.012366000000000028, 916, 1145, 1374, 230842, 229842, 229, 458, undefined, 1493685026867
Booster, Armed, 1302.299999999998, 32.98932300000027, -106.97302700000137, 230, 460, 690, 0.09199999999999967, 0.1380000000000003, 0.012420000000000028, 920, 1150, 1380, 231070, 229840, 230, 460, undefined, 1493685026981
Sustainer, Armed, 1300.2299999999946, 32.98932300000027, -106.97302700000137, 230, 460, 690, 0.09199999999999967, 0.1380000000000003, 0.012420000000000028, 920, 1150, 1380, 231840, 230840, 230, 460, undefined, 1493685026981
Booster, Armed, 1302.309999999998, 32.98932310000027, -106.97302690000137, 231, 462, 693, 0.09239999999999966, 0.13860000000000028, 0.012474000000000028, 924, 1155, 1386, 232069, 230838, 231, 462, undefined, 1493685027081
Sustainer, Armed, 1300.2309999999945, 32.98932310000027, -106.97302690000137, 231, 462, 693, 0.09239999999999966, 0.13860000000000028, 0.012474000000000028, 924, 1155, 1386, 232838, 231838, 231, 462, undefined, 1493685027081
Booster, Armed, 1302.319999999998, 32.98932320000027, -106.97302680000138, 232, 464, 696, 0.09279999999999966, 0.13920000000000027, 0.012528000000000029, 928, 1160, 1392, 233068, 231836, 232, 464, undefined, 1493685027182
Sustainer, Armed, 1300.2319999999945, 32.98932320000027, -106.97302680000138, 232, 464, 696, 0.09279999999999966, 0.13920000000000027, 0.012528000000000029, 928, 1160, 1392, 233836, 232836, 232, 464, undefined, 1493685027182
Booster, Armed, 1302.3299999999979, 32.98932330000027, -106.97302670000138, 233, 466, 699, 0.09319999999999966, 0.13980000000000026, 0.012582000000000029, 932, 1165, 1398, 234067, 232834, 233, 466, undefined, 1493685027296
Sustainer, Armed, 1300.2329999999945, 32.98932330000027, -106.97302670000138, 233, 466, 699, 0.09319999999999966, 0.13980000000000026, 0.012582000000000029, 932, 1165, 1398, 234834, 233834, 233, 466, undefined, 1493685027296
Booster, Armed, 1302.3399999999979, 32.98932340000027, -106.97302660000139, 234, 468, 702, 0.09359999999999966, 0.14040000000000025, 0.01263600000000003, 936, 1170, 1404, 235066, 233832, 234, 468, undefined, 1493685027411
Sustainer, Armed, 1300.2339999999945, 32.98932340000027, -106.97302660000139, 234, 468, 702, 0.09359999999999966, 0.14040000000000025, 0.01263600000000003, 936, 1170, 1404, 235832, 234832, 234, 468, undefined, 1493685027411
Booster, Armed, 1302.3499999999979, 32.989323500000275, -106.9730265000014, 235, 470, 705, 0.09399999999999965, 0.14100000000000024, 0.01269000000000003, 940, 1175, 1410, 236065, 234830, 235, 470, undefined, 1493685027525
Sustainer, Armed, 1300.2349999999944, 32.989323500000275, -106.9730265000014, 235, 470, 705, 0.09399999999999965, 0.14100000000000024, 0.01269000000000003, 940, 1175, 1410, 236830, 235830, 235, 470, undefined, 1493685027525
Booster, Armed, 1302.3599999999979, 32.989323600000276, -106.9730264000014, 236, 472, 708, 0.09439999999999965, 0.14160000000000023, 0.01274400000000003, 944, 1180, 1416, 237064, 235828, 236, 472, undefined, 1493685027640
Sustainer, Armed, 1300.2359999999944, 32.989323600000276, -106.9730264000014, 236, 472, 708, 0.09439999999999965, 0.14160000000000023, 0.01274400000000003, 944, 1180, 1416, 237828, 236828, 236, 472, undefined, 1493685027640
Booster, Armed, 1302.3699999999978, 32.98932370000028, -106.97302630000141, 237, 474, 711, 0.09479999999999965, 0.14220000000000022, 0.01279800000000003, 948, 1185, 1422, 238063, 236826, 237, 474, undefined, 1493685027755
Sustainer, Armed, 1300.2369999999944, 32.98932370000028, -106.97302630000141, 237, 474, 711, 0.09479999999999965, 0.14220000000000022, 0.01279800000000003, 948, 1185, 1422, 238826, 237826, 237, 474, undefined, 1493685027755
Booster, Armed, 1302.3799999999978, 32.98932380000028, -106.97302620000141, 238, 476, 714, 0.09519999999999965, 0.1428000000000002, 0.01285200000000003, 952, 1190, 1428, 239062, 237824, 238, 476, undefined, 1493685027869
Sustainer, Armed, 1300.2379999999944, 32.98932380000028, -106.97302620000141, 238, 476, 714, 0.09519999999999965, 0.1428000000000002, 0.01285200000000003, 952, 1190, 1428, 239824, 238824, 238, 476, undefined, 1493685027869
Booster, Armed, 1302.3899999999978, 32.98932390000028, -106.97302610000142, 239, 478, 717, 0.09559999999999964, 0.1434000000000002, 0.01290600000000003, 956, 1195, 1434, 240061, 238822, 239, 478, undefined, 1493685027983
Sustainer, Armed, 1300.2389999999943, 32.98932390000028, -106.97302610000142, 239, 478, 717, 0.09559999999999964, 0.1434000000000002, 0.01290600000000003, 956, 1195, 1434, 240822, 239822, 239, 478, undefined, 1493685027983
Booster, Armed, 1302.3999999999978, 32.98932400000028, -106.97302600000143, 240, 480, 720, 0.09599999999999964, 0.14400000000000018, 0.01296000000000003, 960, 1200, 1440, 241060, 239820, 240, 480, undefined, 1493685028084
Sustainer, Armed, 1300.2399999999943, 32.98932400000028, -106.97302600000143, 240, 480, 720, 0.09599999999999964, 0.14400000000000018, 0.01296000000000003, 960, 1200, 1440, 241820, 240820, 240, 480, undefined, 1493685028084
Booster, Armed, 1302.4099999999978, 32.98932410000028, -106.97302590000143, 241, 482, 723, 0.09639999999999964, 0.14460000000000017, 0.01301400000000003, 964, 1205, 1446, 242059, 240818, 241, 482, undefined, 1493685028197
Sustainer, Armed, 1300.2409999999943, 32.98932410000028, -106.97302590000143, 241, 482, 723, 0.09639999999999964, 0.14460000000000017, 0.01301400000000003, 964, 1205, 1446, 242818, 241818, 241, 482, undefined, 1493685028197
Booster, Armed, 1302.4199999999978, 32.98932420000028, -106.97302580000144, 242, 484, 726, 0.09679999999999964, 0.14520000000000016, 0.013068000000000031, 968, 1210, 1452, 243058, 241816, 242, 484, undefined, 1493685028312
Sustainer, Armed, 1300.2419999999943, 32.98932420000028, -106.97302580000144, 242, 484, 726, 0.09679999999999964, 0.14520000000000016, 0.013068000000000031, 968, 1210, 1452, 243816, 242816, 242, 484, undefined, 1493685028312
Booster, Armed, 1302.4299999999978, 32.989324300000284, -106.97302570000144, 243, 486, 729, 0.09719999999999963, 0.14580000000000015, 0.013122000000000031, 972, 1215, 1458, 244057, 242814, 243, 486, undefined, 1493685028422
Sustainer, Armed, 1300.2429999999943, 32.989324300000284, -106.97302570000144, 243, 486, 729, 0.09719999999999963, 0.14580000000000015, 0.013122000000000031, 972, 1215, 1458, 244814, 243814, 243, 486, undefined, 1493685028422
Booster, Armed, 1302.4399999999978, 32.989324400000285, -106.97302560000145, 244, 488, 732, 0.09759999999999963, 0.14640000000000014, 0.013176000000000031, 976, 1220, 1464, 245056, 243812, 244, 488, undefined, 1493685028526
Sustainer, Armed, 1300.2439999999942, 32.989324400000285, -106.97302560000145, 244, 488, 732, 0.09759999999999963, 0.14640000000000014, 0.013176000000000031, 976, 1220, 1464, 245812, 244812, 244, 488, undefined, 1493685028526
Booster, Armed, 1302.4499999999978, 32.989324500000286, -106.97302550000146, 245, 490, 735, 0.09799999999999963, 0.14700000000000013, 0.013230000000000032, 980, 1225, 1470, 246055, 244810, 245, 490, undefined, 1493685028640
Sustainer, Armed, 1300.2449999999942, 32.989324500000286, -106.97302550000146, 245, 490, 735, 0.09799999999999963, 0.14700000000000013, 0.013230000000000032, 980, 1225, 1470, 246810, 245810, 245, 490, undefined, 1493685028640
Booster, Armed, 1302.4599999999978, 32.98932460000029, -106.97302540000146, 246, 492, 738, 0.09839999999999963, 0.14760000000000012, 0.013284000000000032, 984, 1230, 1476, 247054, 245808, 246, 492, undefined, 1493685028755
Sustainer, Armed, 1300.2459999999942, 32.98932460000029, -106.97302540000146, 246, 492, 738, 0.09839999999999963, 0.14760000000000012, 0.013284000000000032, 984, 1230, 1476, 247808, 246808, 246, 492, undefined, 1493685028755
Booster, Armed, 1302.4699999999978, 32.98932470000029, -106.97302530000147, 247, 494, 741, 0.09879999999999962, 0.1482000000000001, 0.013338000000000032, 988, 1235, 1482, 248053, 246806, 247, 494, undefined, 1493685028869
Sustainer, Armed, 1300.2469999999942, 32.98932470000029, -106.97302530000147, 247, 494, 741, 0.09879999999999962, 0.1482000000000001, 0.013338000000000032, 988, 1235, 1482, 248806, 247806, 247, 494, undefined, 1493685028869
Booster, Armed, 1302.4799999999977, 32.98932480000029, -106.97302520000147, 248, 496, 744, 0.09919999999999962, 0.1488000000000001, 0.013392000000000032, 992, 1240, 1488, 249052, 247804, 248, 496, undefined, 1493685028984
Sustainer, Armed, 1300.2479999999941, 32.98932480000029, -106.97302520000147, 248, 496, 744, 0.09919999999999962, 0.1488000000000001, 0.013392000000000032, 992, 1240, 1488, 249804, 248804, 248, 496, undefined, 1493685028984
Booster, Armed, 1302.4899999999977, 32.98932490000029, -106.97302510000148, 249, 498, 747, 0.09959999999999962, 0.1494000000000001, 0.013446000000000033, 996, 1245, 1494, 250051, 248802, 249, 498, undefined, 1493685029097
Sustainer, Armed, 1300.248999999994, 32.98932490000029, -106.97302510000148, 249, 498, 747, 0.09959999999999962, 0.1494000000000001, 0.013446000000000033, 996, 1245, 1494, 250802, 249802, 249, 498, undefined, 1493685029097
Booster, Armed, 1302.4999999999977, 32.98932500000029, -106.97302500000148, 250, 500, 750, 0.09999999999999962, 0.15000000000000008, 0.013500000000000033, 1000, 1250, 1500, 251050, 249800, 250, 500, undefined, 1493685029198
Sustainer, Armed, 1300.249999999994, 32.98932500000029, -106.97302500000148, 250, 500, 750, 0.09999999999999962, 0.15000000000000008, 0.013500000000000033, 1000, 1250, 1500, 251800, 250800, 250, 500, undefined, 1493685029198
Booster, Armed, 1302.5099999999977, 32.98932510000029, -106.97302490000149, 251, 502, 753, 0.10039999999999961, 0.15060000000000007, 0.013554000000000033, 1004, 1255, 1506, 252049, 250798, 251, 502, undefined, 1493685029312
Sustainer, Armed, 1300.250999999994, 32.98932510000029, -106.97302490000149, 251, 502, 753, 0.10039999999999961, 0.15060000000000007, 0.013554000000000033, 1004, 1255, 1506, 252798, 251798, 251, 502, undefined, 1493685029312
Booster, Armed, 1302.5199999999977, 32.989325200000295, -106.9730248000015, 252, 504, 756, 0.10079999999999961, 0.15120000000000006, 0.013608000000000033, 1008, 1260, 1512, 253048, 251796, 252, 504, undefined, 1493685029426
Sustainer, Armed, 1300.251999999994, 32.989325200000295, -106.9730248000015, 252, 504, 756, 0.10079999999999961, 0.15120000000000006, 0.013608000000000033, 1008, 1260, 1512, 253796, 252796, 252, 504, undefined, 1493685029426
Booster, Armed, 1302.5299999999977, 32.989325300000296, -106.9730247000015, 253, 506, 759, 0.10119999999999961, 0.15180000000000005, 0.013662000000000033, 1012, 1265, 1518, 254047, 252794, 253, 506, undefined, 1493685029526
Sustainer, Armed, 1300.252999999994, 32.989325300000296, -106.9730247000015, 253, 506, 759, 0.10119999999999961, 0.15180000000000005, 0.013662000000000033, 1012, 1265, 1518, 254794, 253794, 253, 506, undefined, 1493685029526
Booster, Armed, 1302.5399999999977, 32.9893254000003, -106.97302460000151, 254, 508, 762, 0.10159999999999961, 0.15240000000000004, 0.013716000000000034, 1016, 1270, 1524, 255046, 253792, 254, 508, undefined, 1493685029629
Sustainer, Armed, 1300.253999999994, 32.9893254000003, -106.97302460000151, 254, 508, 762, 0.10159999999999961, 0.15240000000000004, 0.013716000000000034, 1016, 1270, 1524, 255792, 254792, 254, 508, undefined, 1493685029629
Booster, Armed, 1302.5499999999977, 32.9893255000003, -106.97302450000151, 255, 510, 765, 0.1019999999999996, 0.15300000000000002, 0.013770000000000034, 1020, 1275, 1530, 256045, 254790, 255, 510, undefined, 1493685029744
Sustainer, Armed, 1300.254999999994, 32.9893255000003, -106.97302450000151, 255, 510, 765, 0.1019999999999996, 0.15300000000000002, 0.013770000000000034, 1020, 1275, 1530, 256790, 255790, 255, 510, undefined, 1493685029744
Booster, Armed, 1302.5599999999977, 32.9893256000003, -106.97302440000152, 256, 512, 768, 0.1023999999999996, 0.15360000000000001, 0.013824000000000034, 1024, 1280, 1536, 257044, 255788, 256, 512, undefined, 1493685029858
Sustainer, Armed, 1300.255999999994, 32.9893256000003, -106.97302440000152, 256, 512, 768, 0.1023999999999996, 0.15360000000000001, 0.013824000000000034, 1024, 1280, 1536, 257788, 256788, 256, 512, undefined, 1493685029858
Booster, Armed, 1302.5699999999977, 32.9893257000003, -106.97302430000153, 257, 514, 771, 0.1027999999999996, 0.1542, 0.013878000000000034, 1028, 1285, 1542, 258043, 256786, 257, 514, undefined, 1493685029972
Sustainer, Armed, 1300.256999999994, 32.9893257000003, -106.97302430000153, 257, 514, 771, 0.1027999999999996, 0.1542, 0.013878000000000034, 1028, 1285, 1542, 258786, 257786, 257, 514, undefined, 1493685029972
Booster, Armed, 1302.5799999999977, 32.9893258000003, -106.97302420000153, 258, 516, 774, 0.1031999999999996, 0.1548, 0.013932000000000035, 1032, 1290, 1548, 259042, 257784, 258, 516, undefined, 1493685030086
Sustainer, Armed, 1300.257999999994, 32.9893258000003, -106.97302420000153, 258, 516, 774, 0.1031999999999996, 0.1548, 0.013932000000000035, 1032, 1290, 1548, 259784, 258784, 258, 516, undefined, 1493685030086
Booster, Armed, 1302.5899999999976, 32.9893259000003, -106.97302410000154, 259, 518, 777, 0.1035999999999996, 0.15539999999999998, 0.013986000000000035, 1036, 1295, 1554, 260041, 258782, 259, 518, undefined, 1493685030188
Sustainer, Armed, 1300.2589999999939, 32.9893259000003, -106.97302410000154, 259, 518, 777, 0.1035999999999996, 0.15539999999999998, 0.013986000000000035, 1036, 1295, 1554, 260782, 259782, 259, 518, undefined, 1493685030188
Booster, Armed, 1302.5999999999976, 32.989326000000304, -106.97302400000154, 260, 520, 780, 0.10399999999999959, 0.15599999999999997, 0.014040000000000035, 1040, 1300, 1560, 261040, 259780, 260, 520, undefined, 1493685030302
Sustainer, Armed, 1300.2599999999939, 32.989326000000304, -106.97302400000154, 260, 520, 780, 0.10399999999999959, 0.15599999999999997, 0.014040000000000035, 1040, 1300, 1560, 261780, 260780, 260, 520, undefined, 1493685030302
Booster, Armed, 1302.6099999999976, 32.989326100000305, -106.97302390000155, 261, 522, 783, 0.10439999999999959, 0.15659999999999996, 0.014094000000000035, 1044, 1305, 1566, 262039, 260778, 261, 522, undefined, 1493685030405
Sustainer, Armed, 1300.2609999999938, 32.989326100000305, -106.97302390000155, 261, 522, 783, 0.10439999999999959, 0.15659999999999996, 0.014094000000000035, 1044, 1305, 1566, 262778, 261778, 261, 522, undefined, 1493685030405
Booster, Armed, 1302.6199999999976, 32.989326200000306, -106.97302380000156, 262, 524, 786, 0.10479999999999959, 0.15719999999999995, 0.014148000000000036, 1048, 1310, 1572, 263038, 261776, 262, 524, undefined, 1493685030520
Sustainer, Armed, 1300.2619999999938, 32.989326200000306, -106.97302380000156, 262, 524, 786, 0.10479999999999959, 0.15719999999999995, 0.014148000000000036, 1048, 1310, 1572, 263776, 262776, 262, 524, undefined, 1493685030520
Booster, Armed, 1302.6299999999976, 32.98932630000031, -106.97302370000156, 263, 526, 789, 0.10519999999999959, 0.15779999999999994, 0.014202000000000036, 1052, 1315, 1578, 264037, 262774, 263, 526, undefined, 1493685030635
Sustainer, Armed, 1300.2629999999938, 32.98932630000031, -106.97302370000156, 263, 526, 789, 0.10519999999999959, 0.15779999999999994, 0.014202000000000036, 1052, 1315, 1578, 264774, 263774, 263, 526, undefined, 1493685030635
Booster, Armed, 1302.6399999999976, 32.98932640000031, -106.97302360000157, 264, 528, 792, 0.10559999999999958, 0.15839999999999993, 0.014256000000000036, 1056, 1320, 1584, 265036, 263772, 264, 528, undefined, 1493685030749
Sustainer, Armed, 1300.2639999999938, 32.98932640000031, -106.97302360000157, 264, 528, 792, 0.10559999999999958, 0.15839999999999993, 0.014256000000000036, 1056, 1320, 1584, 265772, 264772, 264, 528, undefined, 1493685030749
Booster, Armed, 1302.6499999999976, 32.98932650000031, -106.97302350000157, 265, 530, 795, 0.10599999999999958, 0.15899999999999992, 0.014310000000000036, 1060, 1325, 1590, 266035, 264770, 265, 530, undefined, 1493685030864
Sustainer, Armed, 1300.2649999999937, 32.98932650000031, -106.97302350000157, 265, 530, 795, 0.10599999999999958, 0.15899999999999992, 0.014310000000000036, 1060, 1325, 1590, 266770, 265770, 265, 530, undefined, 1493685030864
Booster, Armed, 1302.6599999999976, 32.98932660000031, -106.97302340000158, 266, 532, 798, 0.10639999999999958, 0.1595999999999999, 0.014364000000000036, 1064, 1330, 1596, 267034, 265768, 266, 532, undefined, 1493685030978
Sustainer, Armed, 1300.2659999999937, 32.98932660000031, -106.97302340000158, 266, 532, 798, 0.10639999999999958, 0.1595999999999999, 0.014364000000000036, 1064, 1330, 1596, 267768, 266768, 266, 532, undefined, 1493685030978
Booster, Armed, 1302.6699999999976, 32.98932670000031, -106.97302330000159, 267, 534, 801, 0.10679999999999958, 0.1601999999999999, 0.014418000000000037, 1068, 1335, 1602, 268033, 266766, 267, 534, undefined, 1493685031092
Sustainer, Armed, 1300.2669999999937, 32.98932670000031, -106.97302330000159, 267, 534, 801, 0.10679999999999958, 0.1601999999999999, 0.014418000000000037, 1068, 1335, 1602, 268766, 267766, 267, 534, undefined, 1493685031092
Booster, Armed, 1302.6799999999976, 32.98932680000031, -106.97302320000159, 268, 536, 804, 0.10719999999999957, 0.1607999999999999, 0.014472000000000037, 1072, 1340, 1608, 269032, 267764, 268, 536, undefined, 1493685031193
Sustainer, Armed, 1300.2679999999937, 32.98932680000031, -106.97302320000159, 268, 536, 804, 0.10719999999999957, 0.1607999999999999, 0.014472000000000037, 1072, 1340, 1608, 269764, 268764, 268, 536, undefined, 1493685031193
Booster, Armed, 1302.6899999999976, 32.989326900000314, -106.9730231000016, 269, 538, 807, 0.10759999999999957, 0.16139999999999988, 0.014526000000000037, 1076, 1345, 1614, 270031, 268762, 269, 538, undefined, 1493685031308
Sustainer, Armed, 1300.2689999999936, 32.989326900000314, -106.9730231000016, 269, 538, 807, 0.10759999999999957, 0.16139999999999988, 0.014526000000000037, 1076, 1345, 1614, 270762, 269762, 269, 538, undefined, 1493685031308
Booster, Armed, 1302.6999999999975, 32.989327000000316, -106.9730230000016, 270, 540, 810, 0.10799999999999957, 0.16199999999999987, 0.014580000000000037, 1080, 1350, 1620, 271030, 269760, 270, 540, undefined, 1493685031423
Sustainer, Armed, 1300.2699999999936, 32.989327000000316, -106.9730230000016, 270, 540, 810, 0.10799999999999957, 0.16199999999999987, 0.014580000000000037, 1080, 1350, 1620, 271760, 270760, 270, 540, undefined, 1493685031423
Booster, Armed, 1302.7099999999975, 32.98932710000032, -106.97302290000161, 271, 542, 813, 0.10839999999999957, 0.16259999999999986, 0.014634000000000038, 1084, 1355, 1626, 272029, 270758, 271, 542, undefined, 1493685031537
Sustainer, Armed, 1300.2709999999936, 32.98932710000032, -106.97302290000161, 271, 542, 813, 0.10839999999999957, 0.16259999999999986, 0.014634000000000038, 1084, 1355, 1626, 272758, 271758, 271, 542, undefined, 1493685031537
Booster, Armed, 1302.7199999999975, 32.98932720000032, -106.97302280000162, 272, 544, 816, 0.10879999999999956, 0.16319999999999985, 0.014688000000000038, 1088, 1360, 1632, 273028, 271756, 272, 544, undefined, 1493685031651
Sustainer, Armed, 1300.2719999999936, 32.98932720000032, -106.97302280000162, 272, 544, 816, 0.10879999999999956, 0.16319999999999985, 0.014688000000000038, 1088, 1360, 1632, 273756, 272756, 272, 544, undefined, 1493685031651
Booster, Armed, 1302.7299999999975, 32.98932730000032, -106.97302270000162, 273, 546, 819, 0.10919999999999956, 0.16379999999999983, 0.014742000000000038, 1092, 1365, 1638, 274027, 272754, 273, 546, undefined, 1493685031765
Sustainer, Armed, 1300.2729999999935, 32.98932730000032, -106.97302270000162, 273, 546, 819, 0.10919999999999956, 0.16379999999999983, 0.014742000000000038, 1092, 1365, 1638, 274754, 273754, 273, 546, undefined, 1493685031765
Booster, Armed, 1302.7399999999975, 32.98932740000032, -106.97302260000163, 274, 548, 822, 0.10959999999999956, 0.16439999999999982, 0.014796000000000038, 1096, 1370, 1644, 275026, 273752, 274, 548, undefined, 1493685031879
Sustainer, Armed, 1300.2739999999935, 32.98932740000032, -106.97302260000163, 274, 548, 822, 0.10959999999999956, 0.16439999999999982, 0.014796000000000038, 1096, 1370, 1644, 275752, 274752, 274, 548, undefined, 1493685031879
Booster, Armed, 1302.7499999999975, 32.98932750000032, -106.97302250000163, 275, 550, 825, 0.10999999999999956, 0.1649999999999998, 0.014850000000000039, 1100, 1375, 1650, 276025, 274750, 275, 550, undefined, 1493685031993
Sustainer, Armed, 1300.2749999999935, 32.98932750000032, -106.97302250000163, 275, 550, 825, 0.10999999999999956, 0.1649999999999998, 0.014850000000000039, 1100, 1375, 1650, 276750, 275750, 275, 550, undefined, 1493685031993
Booster, Armed, 1302.7599999999975, 32.98932760000032, -106.97302240000164, 276, 552, 828, 0.11039999999999955, 0.1655999999999998, 0.014904000000000039, 1104, 1380, 1656, 277024, 275748, 276, 552, undefined, 1493685032107
Sustainer, Armed, 1300.2759999999935, 32.98932760000032, -106.97302240000164, 276, 552, 828, 0.11039999999999955, 0.1655999999999998, 0.014904000000000039, 1104, 1380, 1656, 277748, 276748, 276, 552, undefined, 1493685032107
Booster, Armed, 1302.7699999999975, 32.989327700000324, -106.97302230000165, 277, 554, 831, 0.11079999999999955, 0.1661999999999998, 0.014958000000000039, 1108, 1385, 1662, 278023, 276746, 277, 554, undefined, 1493685032209
Sustainer, Armed, 1300.2769999999934, 32.989327700000324, -106.97302230000165, 277, 554, 831, 0.11079999999999955, 0.1661999999999998, 0.014958000000000039, 1108, 1385, 1662, 278746, 277746, 277, 554, undefined, 1493685032209
Booster, Armed, 1302.7799999999975, 32.989327800000325, -106.97302220000165, 278, 556, 834, 0.11119999999999955, 0.16679999999999978, 0.01501200000000004, 1112, 1390, 1668, 279022, 277744, 278, 556, undefined, 1493685032323
Sustainer, Armed, 1300.2779999999934, 32.989327800000325, -106.97302220000165, 278, 556, 834, 0.11119999999999955, 0.16679999999999978, 0.01501200000000004, 1112, 1390, 1668, 279744, 278744, 278, 556, undefined, 1493685032323
Booster, Armed, 1302.7899999999975, 32.989327900000326, -106.97302210000166, 279, 558, 837, 0.11159999999999955, 0.16739999999999977, 0.01506600000000004, 1116, 1395, 1674, 280021, 278742, 279, 558, undefined, 1493685032437
Sustainer, Armed, 1300.2789999999934, 32.989327900000326, -106.97302210000166, 279, 558, 837, 0.11159999999999955, 0.16739999999999977, 0.01506600000000004, 1116, 1395, 1674, 280742, 279742, 279, 558, undefined, 1493685032437
Booster, Armed, 1302.7999999999975, 32.98932800000033, -106.97302200000166, 280, 560, 840, 0.11199999999999954, 0.16799999999999976, 0.01512000000000004, 1120, 1400, 1680, 281020, 279740, 280, 560, undefined, 1493685032551
Sustainer, Armed, 1300.2799999999934, 32.98932800000033, -106.97302200000166, 280, 560, 840, 0.11199999999999954, 0.16799999999999976, 0.01512000000000004, 1120, 1400, 1680, 281740, 280740, 280, 560, undefined, 1493685032551
Booster, Armed, 1302.8099999999974, 32.98932810000033, -106.97302190000167, 281, 562, 843, 0.11239999999999954, 0.16859999999999975, 0.01517400000000004, 1124, 1405, 1686, 282019, 280738, 281, 562, undefined, 1493685032667
Sustainer, Armed, 1300.2809999999934, 32.98932810000033, -106.97302190000167, 281, 562, 843, 0.11239999999999954, 0.16859999999999975, 0.01517400000000004, 1124, 1405, 1686, 282738, 281738, 281, 562, undefined, 1493685032667
Booster, Armed, 1302.8199999999974, 32.98932820000033, -106.97302180000167, 282, 564, 846, 0.11279999999999954, 0.16919999999999974, 0.01522800000000004, 1128, 1410, 1692, 283018, 281736, 282, 564, undefined, 1493685032781
Sustainer, Armed, 1300.2819999999933, 32.98932820000033, -106.97302180000167, 282, 564, 846, 0.11279999999999954, 0.16919999999999974, 0.01522800000000004, 1128, 1410, 1692, 283736, 282736, 282, 564, undefined, 1493685032781
Booster, Armed, 1302.8299999999974, 32.98932830000033, -106.97302170000168, 283, 566, 849, 0.11319999999999954, 0.16979999999999973, 0.01528200000000004, 1132, 1415, 1698, 284017, 282734, 283, 566, undefined, 1493685032895
Sustainer, Armed, 1300.2829999999933, 32.98932830000033, -106.97302170000168, 283, 566, 849, 0.11319999999999954, 0.16979999999999973, 0.01528200000000004, 1132, 1415, 1698, 284734, 283734, 283, 566, undefined, 1493685032895
Booster, Armed, 1302.8399999999974, 32.98932840000033, -106.97302160000169, 284, 568, 852, 0.11359999999999953, 0.17039999999999972, 0.01533600000000004, 1136, 1420, 1704, 285016, 283732, 284, 568, undefined, 1493685033010
Sustainer, Armed, 1300.2839999999933, 32.98932840000033, -106.97302160000169, 284, 568, 852, 0.11359999999999953, 0.17039999999999972, 0.01533600000000004, 1136, 1420, 1704, 285732, 284732, 284, 568, undefined, 1493685033010
Booster, Armed, 1302.8499999999974, 32.98932850000033, -106.97302150000169, 285, 570, 855, 0.11399999999999953, 0.1709999999999997, 0.01539000000000004, 1140, 1425, 1710, 286015, 284730, 285, 570, undefined, 1493685033124
Sustainer, Armed, 1300.2849999999933, 32.98932850000033, -106.97302150000169, 285, 570, 855, 0.11399999999999953, 0.1709999999999997, 0.01539000000000004, 1140, 1425, 1710, 286730, 285730, 285, 570, undefined, 1493685033124
Booster, Armed, 1302.8599999999974, 32.989328600000334, -106.9730214000017, 286, 572, 858, 0.11439999999999953, 0.1715999999999997, 0.015444000000000041, 1144, 1430, 1716, 287014, 285728, 286, 572, undefined, 1493685033225
Sustainer, Armed, 1300.2859999999932, 32.989328600000334, -106.9730214000017, 286, 572, 858, 0.11439999999999953, 0.1715999999999997, 0.015444000000000041, 1144, 1430, 1716, 287728, 286728, 286, 572, undefined, 1493685033225
Booster, Armed, 1302.8699999999974, 32.989328700000335, -106.9730213000017, 287, 574, 861, 0.11479999999999953, 0.1721999999999997, 0.015498000000000041, 1148, 1435, 1722, 288013, 286726, 287, 574, undefined, 1493685033339
Sustainer, Armed, 1300.2869999999932, 32.989328700000335, -106.9730213000017, 287, 574, 861, 0.11479999999999953, 0.1721999999999997, 0.015498000000000041, 1148, 1435, 1722, 288726, 287726, 287, 574, undefined, 1493685033339
Booster, Armed, 1302.8799999999974, 32.98932880000034, -106.97302120000171, 288, 576, 864, 0.11519999999999953, 0.17279999999999968, 0.015552000000000041, 1152, 1440, 1728, 289012, 287724, 288, 576, undefined, 1493685033453
Sustainer, Armed, 1300.2879999999932, 32.98932880000034, -106.97302120000171, 288, 576, 864, 0.11519999999999953, 0.17279999999999968, 0.015552000000000041, 1152, 1440, 1728, 289724, 288724, 288, 576, undefined, 1493685033453
Booster, Armed, 1302.8899999999974, 32.98932890000034, -106.97302110000172, 289, 578, 867, 0.11559999999999952, 0.17339999999999967, 0.015606000000000042, 1156, 1445, 1734, 290011, 288722, 289, 578, undefined, 1493685033554
Sustainer, Armed, 1300.2889999999932, 32.98932890000034, -106.97302110000172, 289, 578, 867, 0.11559999999999952, 0.17339999999999967, 0.015606000000000042, 1156, 1445, 1734, 290722, 289722, 289, 578, undefined, 1493685033554
