part, mode, altitude, latitude, longitude, accelerometer_x, accelerometer_y, accelerometer_z, yaw, pitch, roll, magnetometer_x, magnetometer_y, magnetometer_z, gps_altitude, kalman_altitude, kalman_velocity, ematch_status, temperature, timestamp
Booster, Armed, 1300.02, 32.9893002, -106.97304980000001, 2, 4, 6, 0.0008, 0.0012, 0.000108, 8, 10, 12, 3298, 2296, 2, 4, undefined, 1493684947222
Sustainer, Armed, 1300.002, 32.9893002, -106.97304980000001, 2, 4, 6, 0.0008, 0.0012, 0.000108, 8, 10, 12, 4296, 3296, 2, 4, undefined, 1493684947222
Booster, Armed, 1300.03, 32.989300300000004, -106.97304970000002, 3, 6, 9, 0.0012000000000000001, 0.0018, 0.00016199999999999998, 12, 15, 18, 4297, 3294, 3, 6, undefined, 1493684947253
Sustainer, Armed, 1300.003, 32.989300300000004, -106.97304970000002, 3, 6, 9, 0.0012000000000000001, 0.0018, 0.00016199999999999998, 12, 15, 18, 5294, 4294, 3, 6, undefined, 1493684947253
Booster, Armed, 1300.04, 32.989300400000005, -106.97304960000002, 4, 8, 12, 0.0016, 0.0024, 0.000216, 16, 20, 24, 5296, 4292, 4, 8, undefined, 1493684947285
Sustainer, Armed, 1300.004, 32.989300400000005, -106.97304960000002, 4, 8, 12, 0.0016, 0.0024, 0.000216, 16, 20, 24, 6292, 5292, 4, 8, undefined, 1493684947285
Booster, Armed, 1300.05, 32.989300500000006, -106.97304950000003, 5, 10, 15, 0.002, 0.0029999999999999996, 0.00027, 20, 25, 30, 6295, 5290, 5, 10, undefined, 1493684947321
Sustainer, Armed, 1300.0049999999999, 32.989300500000006, -106.97304950000003, 5, 10, 15, 0.002, 0.0029999999999999996, 0.00027, 20, 25, 30, 7290, 6290, 5, 10, undefined, 1493684947321
Booster, Armed, 1300.06, 32.98930060000001, -106.97304940000004, 6, 12, 18, 0.0024000000000000002, 0.0035999999999999995, 0.000324, 24, 30, 36, 7294, 6288, 6, 12, undefined, 1493684947352
Sustainer, Armed, 1300.0059999999999, 32.98930060000001, -106.97304940000004, 6, 12, 18, 0.0024000000000000002, 0.0035999999999999995, 0.000324, 24, 30, 36, 8288, 7288, 6, 12, undefined, 1493684947352
Booster, Armed, 1300.07, 32.98930070000001, -106.97304930000004, 7, 14, 21, 0.0028000000000000004, 0.0042, 0.000378, 28, 35, 42, 8293, 7286, 7, 14, undefined, 1493684947383
Sustainer, Armed, 1300.0069999999998, 32.98930070000001, -106.97304930000004, 7, 14, 21, 0.0028000000000000004, 0.0042, 0.000378, 28, 35, 42, 9286, 8286, 7, 14, undefined, 1493684947383
Booster, Armed, 1300.08, 32.98930080000001, -106.97304920000005, 8, 16, 24, 0.0032000000000000006, 0.0048, 0.00043200000000000004, 32, 40, 48, 9292, 8284, 8, 16, undefined, 1493684947404
Sustainer, Armed, 1300.0079999999998, 32.98930080000001, -106.97304920000005, 8, 16, 24, 0.0032000000000000006, 0.0048, 0.00043200000000000004, 32, 40, 48, 10284, 9284, 8, 16, undefined, 1493684947404
Booster, Armed, 1300.09, 32.98930090000001, -106.97304910000005, 9, 18, 27, 0.0036000000000000008, 0.005399999999999999, 0.00048600000000000005, 36, 45, 54, 10291, 9282, 9, 18, undefined, 1493684947436
Sustainer, Armed, 1300.0089999999998, 32.98930090000001, -106.97304910000005, 9, 18, 27, 0.0036000000000000008, 0.005399999999999999, 0.00048600000000000005, 36, 45, 54, 11282, 10282, 9, 18, undefined, 1493684947436
Booster, Armed, 1300.1, 32.98930100000001, -106.97304900000006, 10, 20, 30, 0.004000000000000001, 0.005999999999999999, 0.00054, 40, 50, 60, 11290, 10280, 10, 20, undefined, 1493684947467
Sustainer, Armed, 1300.0099999999998, 32.98930100000001, -106.97304900000006, 10, 20, 30, 0.004000000000000001, 0.005999999999999999, 0.00054, 40, 50, 60, 12280, 11280, 10, 20, undefined, 1493684947467
Booster, Armed, 1300.11, 32.98930110000001, -106.97304890000007, 11, 22, 33, 0.004400000000000001, 0.006599999999999999, 0.000594, 44, 55, 66, 12289, 11278, 11, 22, undefined, 1493684947498
Sustainer, Armed, 1300.0109999999997, 32.98930110000001, -106.97304890000007, 11, 22, 33, 0.004400000000000001, 0.006599999999999999, 0.000594, 44, 55, 66, 13278, 12278, 11, 22, undefined, 1493684947498
Booster, Armed, 1300.12, 32.989301200000014, -106.97304880000007, 12, 24, 36, 0.004800000000000001, 0.007199999999999999, 0.000648, 48, 60, 72, 13288, 12276, 12, 24, undefined, 1493684947534
Sustainer, Armed, 1300.0119999999997, 32.989301200000014, -106.97304880000007, 12, 24, 36, 0.004800000000000001, 0.007199999999999999, 0.000648, 48, 60, 72, 14276, 13276, 12, 24, undefined, 1493684947534
Booster, Armed, 1300.1299999999999, 32.989301300000015, -106.97304870000008, 13, 26, 39, 0.0052000000000000015, 0.007799999999999999, 0.000702, 52, 65, 78, 14287, 13274, 13, 26, undefined, 1493684947565
Sustainer, Armed, 1300.0129999999997, 32.989301300000015, -106.97304870000008, 13, 26, 39, 0.0052000000000000015, 0.007799999999999999, 0.000702, 52, 65, 78, 15274, 14274, 13, 26, undefined, 1493684947565
Booster, Armed, 1300.1399999999999, 32.989301400000016, -106.97304860000008, 14, 28, 42, 0.005600000000000002, 0.0084, 0.000756, 56, 70, 84, 15286, 14272, 14, 28, undefined, 1493684947597
Sustainer, Armed, 1300.0139999999997, 32.989301400000016, -106.97304860000008, 14, 28, 42, 0.005600000000000002, 0.0084, 0.000756, 56, 70, 84, 16272, 15272, 14, 28, undefined, 1493684947597
Booster, Armed, 1300.1499999999999, 32.98930150000002, -106.97304850000009, 15, 30, 45, 0.006000000000000002, 0.009, 0.0008100000000000001, 60, 75, 90, 16285, 15270, 15, 30, undefined, 1493684947617
Sustainer, Armed, 1300.0149999999996, 32.98930150000002, -106.97304850000009, 15, 30, 45, 0.006000000000000002, 0.009, 0.0008100000000000001, 60, 75, 90, 17270, 16270, 15, 30, undefined, 1493684947617
Booster, Armed, 1300.1599999999999, 32.98930160000002, -106.9730484000001, 16, 32, 48, 0.006400000000000002, 0.0096, 0.0008640000000000001, 64, 80, 96, 17284, 16268, 16, 32, undefined, 1493684947652
Sustainer, Armed, 1300.0159999999996, 32.98930160000002, -106.9730484000001, 16, 32, 48, 0.006400000000000002, 0.0096, 0.0008640000000000001, 64, 80, 96, 18268, 17268, 16, 32, undefined, 1493684947652
Booster, Armed, 1300.1699999999998, 32.98930170000002, -106.9730483000001, 17, 34, 51, 0.006800000000000002, 0.010199999999999999, 0.0009180000000000001, 68, 85, 102, 18283, 17266, 17, 34, undefined, 1493684947684
Sustainer, Armed, 1300.0169999999996, 32.98930170000002, -106.9730483000001, 17, 34, 51, 0.006800000000000002, 0.010199999999999999, 0.0009180000000000001, 68, 85, 102, 19266, 18266, 17, 34, undefined, 1493684947684
Booster, Armed, 1300.1799999999998, 32.98930180000002, -106.97304820000011, 18, 36, 54, 0.007200000000000002, 0.010799999999999999, 0.0009720000000000001, 72, 90, 108, 19282, 18264, 18, 36, undefined, 1493684947715
Sustainer, Armed, 1300.0179999999996, 32.98930180000002, -106.97304820000011, 18, 36, 54, 0.007200000000000002, 0.010799999999999999, 0.0009720000000000001, 72, 90, 108, 20264, 19264, 18, 36, undefined, 1493684947715
Booster, Armed, 1300.1899999999998, 32.98930190000002, -106.97304810000011, 19, 38, 57, 0.007600000000000003, 0.011399999999999999, 0.001026, 76, 95, 114, 20281, 19262, 19, 38, undefined, 1493684947751
Sustainer, Armed, 1300.0189999999996, 32.98930190000002, -106.97304810000011, 19, 38, 57, 0.007600000000000003, 0.011399999999999999, 0.001026, 76, 95, 114, 21262, 20262, 19, 38, undefined, 1493684947751
Booster, Armed, 1300.1999999999998, 32.98930200000002, -106.97304800000012, 20, 40, 60, 0.008000000000000002, 0.011999999999999999, 0.00108, 80, 100, 120, 21280, 20260, 20, 40, undefined, 1493684947782
Sustainer, Armed, 1300.0199999999995, 32.98930200000002, -106.97304800000012, 20, 40, 60, 0.008000000000000002, 0.011999999999999999, 0.00108, 80, 100, 120, 22260, 21260, 20, 40, undefined, 1493684947782
Booster, Armed, 1300.2099999999998, 32.989302100000025, -106.97304790000013, 21, 42, 63, 0.008400000000000001, 0.012599999999999998, 0.001134, 84, 105, 126, 22279, 21258, 21, 42, undefined, 1493684947813
Sustainer, Armed, 1300.0209999999995, 32.989302100000025, -106.97304790000013, 21, 42, 63, 0.008400000000000001, 0.012599999999999998, 0.001134, 84, 105, 126, 23258, 22258, 21, 42, undefined, 1493684947813
Booster, Armed, 1300.2199999999998, 32.989302200000026, -106.97304780000013, 22, 44, 66, 0.0088, 0.013199999999999998, 0.001188, 88, 110, 132, 23278, 22256, 22, 44, undefined, 1493684947844
Sustainer, Armed, 1300.0219999999995, 32.989302200000026, -106.97304780000013, 22, 44, 66, 0.0088, 0.013199999999999998, 0.001188, 88, 110, 132, 24256, 23256, 22, 44, undefined, 1493684947844
Booster, Armed, 1300.2299999999998, 32.98930230000003, -106.97304770000014, 23, 46, 69, 0.0092, 0.013799999999999998, 0.001242, 92, 115, 138, 24277, 23254, 23, 46, undefined, 1493684947865
Sustainer, Armed, 1300.0229999999995, 32.98930230000003, -106.97304770000014, 23, 46, 69, 0.0092, 0.013799999999999998, 0.001242, 92, 115, 138, 25254, 24254, 23, 46, undefined, 1493684947865
Booster, Armed, 1300.2399999999998, 32.98930240000003, -106.97304760000014, 24, 48, 72, 0.0096, 0.014399999999999998, 0.001296, 96, 120, 144, 25276, 24252, 24, 48, undefined, 1493684947896
Sustainer, Armed, 1300.0239999999994, 32.98930240000003, -106.97304760000014, 24, 48, 72, 0.0096, 0.014399999999999998, 0.001296, 96, 120, 144, 26252, 25252, 24, 48, undefined, 1493684947896
Booster, Armed, 1300.2499999999998, 32.98930250000003, -106.97304750000015, 25, 50, 75, 0.009999999999999998, 0.014999999999999998, 0.00135, 100, 125, 150, 26275, 25250, 25, 50, undefined, 1493684947927
Sustainer, Armed, 1300.0249999999994, 32.98930250000003, -106.97304750000015, 25, 50, 75, 0.009999999999999998, 0.014999999999999998, 0.00135, 100, 125, 150, 27250, 26250, 25, 50, undefined, 1493684947927
Booster, Armed, 1300.2599999999998, 32.98930260000003, -106.97304740000015, 26, 52, 78, 0.010399999999999998, 0.015599999999999998, 0.001404, 104, 130, 156, 27274, 26248, 26, 52, undefined, 1493684947959
Sustainer, Armed, 1300.0259999999994, 32.98930260000003, -106.97304740000015, 26, 52, 78, 0.010399999999999998, 0.015599999999999998, 0.001404, 104, 130, 156, 28248, 27248, 26, 52, undefined, 1493684947959
Booster, Armed, 1300.2699999999998, 32.98930270000003, -106.97304730000016, 27, 54, 81, 0.010799999999999997, 0.0162, 0.001458, 108, 135, 162, 28273, 27246, 27, 54, undefined, 1493684947989
Sustainer, Armed, 1300.0269999999994, 32.98930270000003, -106.97304730000016, 27, 54, 81, 0.010799999999999997, 0.0162, 0.001458, 108, 135, 162, 29246, 28246, 27, 54, undefined, 1493684947989
Booster, Armed, 1300.2799999999997, 32.98930280000003, -106.97304720000017, 28, 56, 84, 0.011199999999999996, 0.0168, 0.001512, 112, 140, 168, 29272, 28244, 28, 56, undefined, 1493684948009
Sustainer, Armed, 1300.0279999999993, 32.98930280000003, -106.97304720000017, 28, 56, 84, 0.011199999999999996, 0.0168, 0.001512, 112, 140, 168, 30244, 29244, 28, 56, undefined, 1493684948009
Booster, Armed, 1300.2899999999997, 32.989302900000034, -106.97304710000017, 29, 58, 87, 0.011599999999999996, 0.0174, 0.0015660000000000001, 116, 145, 174, 30271, 29242, 29, 58, undefined, 1493684948029
Sustainer, Armed, 1300.0289999999993, 32.989302900000034, -106.97304710000017, 29, 58, 87, 0.011599999999999996, 0.0174, 0.0015660000000000001, 116, 145, 174, 31242, 30242, 29, 58, undefined, 1493684948029
Booster, Armed, 1300.2999999999997, 32.989303000000035, -106.97304700000018, 30, 60, 90, 0.011999999999999995, 0.018, 0.0016200000000000001, 120, 150, 180, 31270, 30240, 30, 60, undefined, 1493684948049
Sustainer, Armed, 1300.0299999999993, 32.989303000000035, -106.97304700000018, 30, 60, 90, 0.011999999999999995, 0.018, 0.0016200000000000001, 120, 150, 180, 32240, 31240, 30, 60, undefined, 1493684948049
Booster, Armed, 1300.3099999999997, 32.989303100000036, -106.97304690000018, 31, 62, 93, 0.012399999999999994, 0.0186, 0.0016740000000000001, 124, 155, 186, 32269, 31238, 31, 62, undefined, 1493684948069
Sustainer, Armed, 1300.0309999999993, 32.989303100000036, -106.97304690000018, 31, 62, 93, 0.012399999999999994, 0.0186, 0.0016740000000000001, 124, 155, 186, 33238, 32238, 31, 62, undefined, 1493684948069
Booster, Armed, 1300.3199999999997, 32.98930320000004, -106.97304680000019, 32, 64, 96, 0.012799999999999994, 0.0192, 0.0017280000000000002, 128, 160, 192, 33268, 32236, 32, 64, undefined, 1493684948089
Sustainer, Armed, 1300.0319999999992, 32.98930320000004, -106.97304680000019, 32, 64, 96, 0.012799999999999994, 0.0192, 0.0017280000000000002, 128, 160, 192, 34236, 33236, 32, 64, undefined, 1493684948089
Booster, Armed, 1300.3299999999997, 32.98930330000004, -106.9730467000002, 33, 66, 99, 0.013199999999999993, 0.019799999999999998, 0.0017820000000000002, 132, 165, 198, 34267, 33234, 33, 66, undefined, 1493684948109
Sustainer, Armed, 1300.0329999999992, 32.98930330000004, -106.9730467000002, 33, 66, 99, 0.013199999999999993, 0.019799999999999998, 0.0017820000000000002, 132, 165, 198, 35234, 34234, 33, 66, undefined, 1493684948109
Booster, Armed, 1300.3399999999997, 32.98930340000004, -106.9730466000002, 34, 68, 102, 0.013599999999999992, 0.020399999999999998, 0.0018360000000000002, 136, 170, 204, 35266, 34232, 34, 68, undefined, 1493684948129
Sustainer, Armed, 1300.0339999999992, 32.98930340000004, -106.9730466000002, 34, 68, 102, 0.013599999999999992, 0.020399999999999998, 0.0018360000000000002, 136, 170, 204, 36232, 35232, 34, 68, undefined, 1493684948129
Booster, Armed, 1300.3499999999997, 32.98930350000004, -106.97304650000021, 35, 70, 105, 0.013999999999999992, 0.020999999999999998, 0.0018900000000000002, 140, 175, 210, 36265, 35230, 35, 70, undefined, 1493684948150
Sustainer, Armed, 1300.0349999999992, 32.98930350000004, -106.97304650000021, 35, 70, 105, 0.013999999999999992, 0.020999999999999998, 0.0018900000000000002, 140, 175, 210, 37230, 36230, 35, 70, undefined, 1493684948150
Booster, Armed, 1300.3599999999997, 32.98930360000004, -106.97304640000021, 36, 72, 108, 0.014399999999999991, 0.021599999999999998, 0.0019440000000000002, 144, 180, 216, 37264, 36228, 36, 72, undefined, 1493684948170
Sustainer, Armed, 1300.0359999999991, 32.98930360000004, -106.97304640000021, 36, 72, 108, 0.014399999999999991, 0.021599999999999998, 0.0019440000000000002, 144, 180, 216, 38228, 37228, 36, 72, undefined, 1493684948170
Booster, Armed, 1300.3699999999997, 32.98930370000004, -106.97304630000022, 37, 74, 111, 0.01479999999999999, 0.022199999999999998, 0.001998, 148, 185, 222, 38263, 37226, 37, 74, undefined, 1493684948190
Sustainer, Armed, 1300.0369999999991, 32.98930370000004, -106.97304630000022, 37, 74, 111, 0.01479999999999999, 0.022199999999999998, 0.001998, 148, 185, 222, 39226, 38226, 37, 74, undefined, 1493684948190
Booster, Armed, 1300.3799999999997, 32.989303800000044, -106.97304620000023, 38, 76, 114, 0.01519999999999999, 0.022799999999999997, 0.002052, 152, 190, 228, 39262, 38224, 38, 76, undefined, 1493684948211
Sustainer, Armed, 1300.037999999999, 32.989303800000044, -106.97304620000023, 38, 76, 114, 0.01519999999999999, 0.022799999999999997, 0.002052, 152, 190, 228, 40224, 39224, 38, 76, undefined, 1493684948211
Booster, Armed, 1300.3899999999996, 32.989303900000046, -106.97304610000023, 39, 78, 117, 0.015599999999999989, 0.023399999999999997, 0.002106, 156, 195, 234, 40261, 39222, 39, 78, undefined, 1493684948231
Sustainer, Armed, 1300.038999999999, 32.989303900000046, -106.97304610000023, 39, 78, 117, 0.015599999999999989, 0.023399999999999997, 0.002106, 156, 195, 234, 41222, 40222, 39, 78, undefined, 1493684948231
Booster, Armed, 1300.3999999999996, 32.98930400000005, -106.97304600000024, 40, 80, 120, 0.01599999999999999, 0.023999999999999997, 0.0021599999999999996, 160, 200, 240, 41260, 40220, 40, 80, undefined, 1493684948251
Sustainer, Armed, 1300.039999999999, 32.98930400000005, -106.97304600000024, 40, 80, 120, 0.01599999999999999, 0.023999999999999997, 0.0021599999999999996, 160, 200, 240, 42220, 41220, 40, 80, undefined, 1493684948251
Booster, Armed, 1300.4099999999996, 32.98930410000005, -106.97304590000024, 41, 82, 123, 0.01639999999999999, 0.024599999999999997, 0.0022139999999999994, 164, 205, 246, 42259, 41218, 41, 82, undefined, 1493684948271
Sustainer, Armed, 1300.040999999999, 32.98930410000005, -106.97304590000024, 41, 82, 123, 0.01639999999999999, 0.024599999999999997, 0.0022139999999999994, 164, 205, 246, 43218, 42218, 41, 82, undefined, 1493684948271
Booster, Armed, 1300.4199999999996, 32.98930420000005, -106.97304580000025, 42, 84, 126, 0.016799999999999992, 0.025199999999999997, 0.002267999999999999, 168, 210, 252, 43258, 42216, 42, 84, undefined, 1493684948291
Sustainer, Armed, 1300.041999999999, 32.98930420000005, -106.97304580000025, 42, 84, 126, 0.016799999999999992, 0.025199999999999997, 0.002267999999999999, 168, 210, 252, 44216, 43216, 42, 84, undefined, 1493684948291
Booster, Armed, 1300.4299999999996, 32.98930430000005, -106.97304570000026, 43, 86, 129, 0.017199999999999993, 0.025799999999999997, 0.002321999999999999, 172, 215, 258, 44257, 43214, 43, 86, undefined, 1493684948318
Sustainer, Armed, 1300.042999999999, 32.98930430000005, -106.97304570000026, 43, 86, 129, 0.017199999999999993, 0.025799999999999997, 0.002321999999999999, 172, 215, 258, 45214, 44214, 43, 86, undefined, 1493684948318
Booster, Armed, 1300.4399999999996, 32.98930440000005, -106.97304560000026, 44, 88, 132, 0.017599999999999994, 0.026399999999999996, 0.0023759999999999988, 176, 220, 264, 45256, 44212, 44, 88, undefined, 1493684948350
Sustainer, Armed, 1300.043999999999, 32.98930440000005, -106.97304560000026, 44, 88, 132, 0.017599999999999994, 0.026399999999999996, 0.0023759999999999988, 176, 220, 264, 46212, 45212, 44, 88, undefined, 1493684948350
Booster, Armed, 1300.4499999999996, 32.98930450000005, -106.97304550000027, 45, 90, 135, 0.017999999999999995, 0.026999999999999996, 0.0024299999999999986, 180, 225, 270, 46255, 45210, 45, 90, undefined, 1493684948385
Sustainer, Armed, 1300.044999999999, 32.98930450000005, -106.97304550000027, 45, 90, 135, 0.017999999999999995, 0.026999999999999996, 0.0024299999999999986, 180, 225, 270, 47210, 46210, 45, 90, undefined, 1493684948385
Booster, Armed, 1300.4599999999996, 32.989304600000054, -106.97304540000027, 46, 92, 138, 0.018399999999999996, 0.027599999999999996, 0.0024839999999999984, 184, 230, 276, 47254, 46208, 46, 92, undefined, 1493684948417
Sustainer, Armed, 1300.045999999999, 32.989304600000054, -106.97304540000027, 46, 92, 138, 0.018399999999999996, 0.027599999999999996, 0.0024839999999999984, 184, 230, 276, 48208, 47208, 46, 92, undefined, 1493684948417
Booster, Armed, 1300.4699999999996, 32.989304700000055, -106.97304530000028, 47, 94, 141, 0.018799999999999997, 0.028199999999999996, 0.002537999999999998, 188, 235, 282, 48253, 47206, 47, 94, undefined, 1493684948448
Sustainer, Armed, 1300.046999999999, 32.989304700000055, -106.97304530000028, 47, 94, 141, 0.018799999999999997, 0.028199999999999996, 0.002537999999999998, 188, 235, 282, 49206, 48206, 47, 94, undefined, 1493684948448
Booster, Armed, 1300.4799999999996, 32.989304800000056, -106.97304520000029, 48, 96, 144, 0.0192, 0.028799999999999996, 0.002591999999999998, 192, 240, 288, 49252, 48204, 48, 96, undefined, 1493684948479
Sustainer, Armed, 1300.0479999999989, 32.989304800000056, -106.97304520000029, 48, 96, 144, 0.0192, 0.028799999999999996, 0.002591999999999998, 192, 240, 288, 50204, 49204, 48, 96, undefined, 1493684948479
Booster, Armed, 1300.4899999999996, 32.98930490000006, -106.97304510000029, 49, 98, 147, 0.0196, 0.029399999999999996, 0.0026459999999999977, 196, 245, 294, 50251, 49202, 49, 98, undefined, 1493684948500
Sustainer, Armed, 1300.0489999999988, 32.98930490000006, -106.97304510000029, 49, 98, 147, 0.0196, 0.029399999999999996, 0.0026459999999999977, 196, 245, 294, 51202, 50202, 49, 98, undefined, 1493684948500
Booster, Armed, 1300.4999999999995, 32.98930500000006, -106.9730450000003, 50, 100, 150, 0.02, 0.029999999999999995, 0.0026999999999999975, 200, 250, 300, 51250, 50200, 50, 100, undefined, 1493684948531
Sustainer, Armed, 1300.0499999999988, 32.98930500000006, -106.9730450000003, 50, 100, 150, 0.02, 0.029999999999999995, 0.0026999999999999975, 200, 250, 300, 52200, 51200, 50, 100, undefined, 1493684948531
Booster, Armed, 1300.5099999999995, 32.98930510000006, -106.9730449000003, 51, 102, 153, 0.0204, 0.030599999999999995, 0.0027539999999999973, 204, 255, 306, 52249, 51198, 51, 102, undefined, 1493684948562
Sustainer, Armed, 1300.0509999999988, 32.98930510000006, -106.9730449000003, 51, 102, 153, 0.0204, 0.030599999999999995, 0.0027539999999999973, 204, 255, 306, 53198, 52198, 51, 102, undefined, 1493684948562
Booster, Armed, 1300.5199999999995, 32.98930520000006, -106.97304480000031, 52, 104, 156, 0.020800000000000003, 0.031199999999999995, 0.002807999999999997, 208, 260, 312, 53248, 52196, 52, 104, undefined, 1493684948593
Sustainer, Armed, 1300.0519999999988, 32.98930520000006, -106.97304480000031, 52, 104, 156, 0.020800000000000003, 0.031199999999999995, 0.002807999999999997, 208, 260, 312, 54196, 53196, 52, 104, undefined, 1493684948593
Booster, Armed, 1300.5299999999995, 32.98930530000006, -106.97304470000032, 53, 106, 159, 0.021200000000000004, 0.031799999999999995, 0.002861999999999997, 212, 265, 318, 54247, 53194, 53, 106, undefined, 1493684948614
Sustainer, Armed, 1300.0529999999987, 32.98930530000006, -106.97304470000032, 53, 106, 159, 0.021200000000000004, 0.031799999999999995, 0.002861999999999997, 212, 265, 318, 55194, 54194, 53, 106, undefined, 1493684948614
Booster, Armed, 1300.5399999999995, 32.98930540000006, -106.97304460000032, 54, 108, 162, 0.021600000000000005, 0.0324, 0.0029159999999999967, 216, 270, 324, 55246, 54192, 54, 108, undefined, 1493684948645
Sustainer, Armed, 1300.0539999999987, 32.98930540000006, -106.97304460000032, 54, 108, 162, 0.021600000000000005, 0.0324, 0.0029159999999999967, 216, 270, 324, 56192, 55192, 54, 108, undefined, 1493684948645
Booster, Armed, 1300.5499999999995, 32.989305500000064, -106.97304450000033, 55, 110, 165, 0.022000000000000006, 0.033, 0.0029699999999999965, 220, 275, 330, 56245, 55190, 55, 110, undefined, 1493684948676
Sustainer, Armed, 1300.0549999999987, 32.989305500000064, -106.97304450000033, 55, 110, 165, 0.022000000000000006, 0.033, 0.0029699999999999965, 220, 275, 330, 57190, 56190, 55, 110, undefined, 1493684948676
Booster, Armed, 1300.5599999999995, 32.989305600000066, -106.97304440000033, 56, 112, 168, 0.022400000000000007, 0.033600000000000005, 0.0030239999999999963, 224, 280, 336, 57244, 56188, 56, 112, undefined, 1493684948707
Sustainer, Armed, 1300.0559999999987, 32.989305600000066, -106.97304440000033, 56, 112, 168, 0.022400000000000007, 0.033600000000000005, 0.0030239999999999963, 224, 280, 336, 58188, 57188, 56, 112, undefined, 1493684948707
Booster, Armed, 1300.5699999999995, 32.98930570000007, -106.97304430000034, 57, 114, 171, 0.022800000000000008, 0.03420000000000001, 0.003077999999999996, 228, 285, 342, 58243, 57186, 57, 114, undefined, 1493684948728
Sustainer, Armed, 1300.0569999999987, 32.98930570000007, -106.97304430000034, 57, 114, 171, 0.022800000000000008, 0.03420000000000001, 0.003077999999999996, 228, 285, 342, 59186, 58186, 57, 114, undefined, 1493684948728
Booster, Armed, 1300.5799999999995, 32.98930580000007, -106.97304420000034, 58, 116, 174, 0.02320000000000001, 0.03480000000000001, 0.003131999999999996, 232, 290, 348, 59242, 58184, 58, 116, undefined, 1493684948759
Sustainer, Armed, 1300.0579999999986, 32.98930580000007, -106.97304420000034, 58, 116, 174, 0.02320000000000001, 0.03480000000000001, 0.003131999999999996, 232, 290, 348, 60184, 59184, 58, 116, undefined, 1493684948759
Booster, Armed, 1300.5899999999995, 32.98930590000007, -106.97304410000035, 59, 118, 177, 0.02360000000000001, 0.035400000000000015, 0.0031859999999999957, 236, 295, 354, 60241, 59182, 59, 118, undefined, 1493684948790
Sustainer, Armed, 1300.0589999999986, 32.98930590000007, -106.97304410000035, 59, 118, 177, 0.02360000000000001, 0.035400000000000015, 0.0031859999999999957, 236, 295, 354, 61182, 60182, 59, 118, undefined, 1493684948790
Booster, Armed, 1300.5999999999995, 32.98930600000007, -106.97304400000036, 60, 120, 180, 0.02400000000000001, 0.03600000000000002, 0.0032399999999999955, 240, 300, 360, 61240, 60180, 60, 120, undefined, 1493684948821
Sustainer, Armed, 1300.0599999999986, 32.98930600000007, -106.97304400000036, 60, 120, 180, 0.02400000000000001, 0.03600000000000002, 0.0032399999999999955, 240, 300, 360, 62180, 61180, 60, 120, undefined, 1493684948821
Booster, Armed, 1300.6099999999994, 32.98930610000007, -106.97304390000036, 61, 122, 183, 0.024400000000000012, 0.03660000000000002, 0.0032939999999999953, 244, 305, 366, 62239, 61178, 61, 122, undefined, 1493684948842
Sustainer, Armed, 1300.0609999999986, 32.98930610000007, -106.97304390000036, 61, 122, 183, 0.024400000000000012, 0.03660000000000002, 0.0032939999999999953, 244, 305, 366, 63178, 62178, 61, 122, undefined, 1493684948842
Booster, Armed, 1300.6199999999994, 32.98930620000007, -106.97304380000037, 62, 124, 186, 0.024800000000000013, 0.037200000000000025, 0.003347999999999995, 248, 310, 372, 63238, 62176, 62, 124, undefined, 1493684948867
Sustainer, Armed, 1300.0619999999985, 32.98930620000007, -106.97304380000037, 62, 124, 186, 0.024800000000000013, 0.037200000000000025, 0.003347999999999995, 248, 310, 372, 64176, 63176, 62, 124, undefined, 1493684948867
Booster, Armed, 1300.6299999999994, 32.989306300000074, -106.97304370000037, 63, 126, 189, 0.025200000000000014, 0.03780000000000003, 0.003401999999999995, 252, 315, 378, 64237, 63174, 63, 126, undefined, 1493684948898
Sustainer, Armed, 1300.0629999999985, 32.989306300000074, -106.97304370000037, 63, 126, 189, 0.025200000000000014, 0.03780000000000003, 0.003401999999999995, 252, 315, 378, 65174, 64174, 63, 126, undefined, 1493684948898
Booster, Armed, 1300.6399999999994, 32.989306400000075, -106.97304360000038, 64, 128, 192, 0.025600000000000015, 0.03840000000000003, 0.0034559999999999947, 256, 320, 384, 65236, 64172, 64, 128, undefined, 1493684948929
Sustainer, Armed, 1300.0639999999985, 32.989306400000075, -106.97304360000038, 64, 128, 192, 0.025600000000000015, 0.03840000000000003, 0.0034559999999999947, 256, 320, 384, 66172, 65172, 64, 128, undefined, 1493684948929
Booster, Armed, 1300.6499999999994, 32.989306500000076, -106.97304350000039, 65, 130, 195, 0.026000000000000016, 0.039000000000000035, 0.0035099999999999945, 260, 325, 390, 66235, 65170, 65, 130, undefined, 1493684948950
Sustainer, Armed, 1300.0649999999985, 32.989306500000076, -106.97304350000039, 65, 130, 195, 0.026000000000000016, 0.039000000000000035, 0.0035099999999999945, 260, 325, 390, 67170, 66170, 65, 130, undefined, 1493684948950
Booster, Armed, 1300.6599999999994, 32.98930660000008, -106.97304340000039, 66, 132, 198, 0.026400000000000017, 0.03960000000000004, 0.0035639999999999943, 264, 330, 396, 67234, 66168, 66, 132, undefined, 1493684948981
Sustainer, Armed, 1300.0659999999984, 32.98930660000008, -106.97304340000039, 66, 132, 198, 0.026400000000000017, 0.03960000000000004, 0.0035639999999999943, 264, 330, 396, 68168, 67168, 66, 132, undefined, 1493684948981
Booster, Armed, 1300.6699999999994, 32.98930670000008, -106.9730433000004, 67, 134, 201, 0.026800000000000018, 0.04020000000000004, 0.003617999999999994, 268, 335, 402, 68233, 67166, 67, 134, undefined, 1493684949012
Sustainer, Armed, 1300.0669999999984, 32.98930670000008, -106.9730433000004, 67, 134, 201, 0.026800000000000018, 0.04020000000000004, 0.003617999999999994, 268, 335, 402, 69166, 68166, 67, 134, undefined, 1493684949012
Booster, Armed, 1300.6799999999994, 32.98930680000008, -106.9730432000004, 68, 136, 204, 0.02720000000000002, 0.040800000000000045, 0.003671999999999994, 272, 340, 408, 69232, 68164, 68, 136, undefined, 1493684949043
Sustainer, Armed, 1300.0679999999984, 32.98930680000008, -106.9730432000004, 68, 136, 204, 0.02720000000000002, 0.040800000000000045, 0.003671999999999994, 272, 340, 408, 70164, 69164, 68, 136, undefined, 1493684949043
Booster, Armed, 1300.6899999999994, 32.98930690000008, -106.97304310000041, 69, 138, 207, 0.02760000000000002, 0.04140000000000005, 0.0037259999999999936, 276, 345, 414, 70231, 69162, 69, 138, undefined, 1493684949065
Sustainer, Armed, 1300.0689999999984, 32.98930690000008, -106.97304310000041, 69, 138, 207, 0.02760000000000002, 0.04140000000000005, 0.0037259999999999936, 276, 345, 414, 71162, 70162, 69, 138, undefined, 1493684949065
Booster, Armed, 1300.6999999999994, 32.98930700000008, -106.97304300000042, 70, 140, 210, 0.02800000000000002, 0.04200000000000005, 0.0037799999999999934, 280, 350, 420, 71230, 70160, 70, 140, undefined, 1493684949096
Sustainer, Armed, 1300.0699999999983, 32.98930700000008, -106.97304300000042, 70, 140, 210, 0.02800000000000002, 0.04200000000000005, 0.0037799999999999934, 280, 350, 420, 72160, 71160, 70, 140, undefined, 1493684949096
Booster, Armed, 1300.7099999999994, 32.98930710000008, -106.97304290000042, 71, 142, 213, 0.028400000000000022, 0.042600000000000054, 0.0038339999999999932, 284, 355, 426, 72229, 71158, 71, 142, undefined, 1493684949127
Sustainer, Armed, 1300.0709999999983, 32.98930710000008, -106.97304290000042, 71, 142, 213, 0.028400000000000022, 0.042600000000000054, 0.0038339999999999932, 284, 355, 426, 73158, 72158, 71, 142, undefined, 1493684949127
Booster, Armed, 1300.7199999999993, 32.989307200000084, -106.97304280000043, 72, 144, 216, 0.028800000000000023, 0.04320000000000006, 0.003887999999999993, 288, 360, 432, 73228, 72156, 72, 144, undefined, 1493684949158
Sustainer, Armed, 1300.0719999999983, 32.989307200000084, -106.97304280000043, 72, 144, 216, 0.028800000000000023, 0.04320000000000006, 0.003887999999999993, 288, 360, 432, 74156, 73156, 72, 144, undefined, 1493684949158
Booster, Armed, 1300.7299999999993, 32.989307300000085, -106.97304270000043, 73, 146, 219, 0.029200000000000025, 0.04380000000000006, 0.003941999999999993, 292, 365, 438, 74227, 73154, 73, 146, undefined, 1493684949194
Sustainer, Armed, 1300.0729999999983, 32.989307300000085, -106.97304270000043, 73, 146, 219, 0.029200000000000025, 0.04380000000000006, 0.003941999999999993, 292, 365, 438, 75154, 74154, 73, 146, undefined, 1493684949194
Booster, Armed, 1300.7399999999993, 32.98930740000009, -106.97304260000044, 74, 148, 222, 0.029600000000000026, 0.044400000000000064, 0.0039959999999999935, 296, 370, 444, 75226, 74152, 74, 148, undefined, 1493684949225
Sustainer, Armed, 1300.0739999999983, 32.98930740000009, -106.97304260000044, 74, 148, 222, 0.029600000000000026, 0.044400000000000064, 0.0039959999999999935, 296, 370, 444, 76152, 75152, 74, 148, undefined, 1493684949225
Booster, Armed, 1300.7499999999993, 32.98930750000009, -106.97304250000045, 75, 150, 225, 0.030000000000000027, 0.04500000000000007, 0.004049999999999994, 300, 375, 450, 76225, 75150, 75, 150, undefined, 1493684949257
Sustainer, Armed, 1300.0749999999982, 32.98930750000009, -106.97304250000045, 75, 150, 225, 0.030000000000000027, 0.04500000000000007, 0.004049999999999994, 300, 375, 450, 77150, 76150, 75, 150, undefined, 1493684949257
Booster, Armed, 1300.7599999999993, 32.98930760000009, -106.97304240000045, 76, 152, 228, 0.030400000000000028, 0.04560000000000007, 0.004103999999999994, 304, 380, 456, 77224, 76148, 76, 152, undefined, 1493684949293
Sustainer, Armed, 1300.0759999999982, 32.98930760000009, -106.97304240000045, 76, 152, 228, 0.030400000000000028, 0.04560000000000007, 0.004103999999999994, 304, 380, 456, 78148, 77148, 76, 152, undefined, 1493684949293
Booster, Armed, 1300.7699999999993, 32.98930770000009, -106.97304230000046, 77, 154, 231, 0.03080000000000003, 0.046200000000000074, 0.004157999999999994, 308, 385, 462, 78223, 77146, 77, 154, undefined, 1493684949324
Sustainer, Armed, 1300.0769999999982, 32.98930770000009, -106.97304230000046, 77, 154, 231, 0.03080000000000003, 0.046200000000000074, 0.004157999999999994, 308, 385, 462, 79146, 78146, 77, 154, undefined, 1493684949324
Booster, Armed, 1300.7799999999993, 32.98930780000009, -106.97304220000046, 78, 156, 234, 0.03120000000000003, 0.04680000000000008, 0.004211999999999994, 312, 390, 468, 79222, 78144, 78, 156, undefined, 1493684949355
Sustainer, Armed, 1300.0779999999982, 32.98930780000009, -106.97304220000046, 78, 156, 234, 0.03120000000000003, 0.04680000000000008, 0.004211999999999994, 312, 390, 468, 80144, 79144, 78, 156, undefined, 1493684949355
Booster, Armed, 1300.7899999999993, 32.98930790000009, -106.97304210000047, 79, 158, 237, 0.03160000000000003, 0.04740000000000008, 0.004265999999999995, 316, 395, 474, 80221, 79142, 79, 158, undefined, 1493684949386
Sustainer, Armed, 1300.0789999999981, 32.98930790000009, -106.97304210000047, 79, 158, 237, 0.03160000000000003, 0.04740000000000008, 0.004265999999999995, 316, 395, 474, 81142, 80142, 79, 158, undefined, 1493684949386
Booster, Armed, 1300.7999999999993, 32.989308000000094, -106.97304200000048, 80, 160, 240, 0.03200000000000003, 0.048000000000000084, 0.004319999999999995, 320, 400, 480, 81220, 80140, 80, 160, undefined, 1493684949408
Sustainer, Armed, 1300.079999999998, 32.989308000000094, -106.97304200000048, 80, 160, 240, 0.03200000000000003, 0.048000000000000084, 0.004319999999999995, 320, 400, 480, 82140, 81140, 80, 160, undefined, 1493684949408
Booster, Armed, 1300.8099999999993, 32.989308100000095, -106.97304190000048, 81, 162, 243, 0.032400000000000026, 0.04860000000000009, 0.004373999999999995, 324, 405, 486, 82219, 81138, 81, 162, undefined, 1493684949429
Sustainer, Armed, 1300.080999999998, 32.989308100000095, -106.97304190000048, 81, 162, 243, 0.032400000000000026, 0.04860000000000009, 0.004373999999999995, 324, 405, 486, 83138, 82138, 81, 162, undefined, 1493684949429
Booster, Armed, 1300.8199999999993, 32.989308200000096, -106.97304180000049, 82, 164, 246, 0.032800000000000024, 0.04920000000000009, 0.004427999999999995, 328, 410, 492, 83218, 82136, 82, 164, undefined, 1493684949460
Sustainer, Armed, 1300.081999999998, 32.989308200000096, -106.97304180000049, 82, 164, 246, 0.032800000000000024, 0.04920000000000009, 0.004427999999999995, 328, 410, 492, 84136, 83136, 82, 164, undefined, 1493684949460
Booster, Armed, 1300.8299999999992, 32.9893083000001, -106.9730417000005, 83, 166, 249, 0.03320000000000002, 0.049800000000000094, 0.0044819999999999955, 332, 415, 498, 84217, 83134, 83, 166, undefined, 1493684949491
Sustainer, Armed, 1300.082999999998, 32.9893083000001, -106.9730417000005, 83, 166, 249, 0.03320000000000002, 0.049800000000000094, 0.0044819999999999955, 332, 415, 498, 85134, 84134, 83, 166, undefined, 1493684949491
Booster, Armed, 1300.8399999999992, 32.9893084000001, -106.9730416000005, 84, 168, 252, 0.03360000000000002, 0.0504000000000001, 0.004535999999999996, 336, 420, 504, 85216, 84132, 84, 168, undefined, 1493684949511
Sustainer, Armed, 1300.083999999998, 32.9893084000001, -106.9730416000005, 84, 168, 252, 0.03360000000000002, 0.0504000000000001, 0.004535999999999996, 336, 420, 504, 86132, 85132, 84, 168, undefined, 1493684949511
Booster, Armed, 1300.8499999999992, 32.9893085000001, -106.9730415000005, 85, 170, 255, 0.034000000000000016, 0.0510000000000001, 0.004589999999999996, 340, 425, 510, 86215, 85130, 85, 170, undefined, 1493684949542
Sustainer, Armed, 1300.084999999998, 32.9893085000001, -106.9730415000005, 85, 170, 255, 0.034000000000000016, 0.0510000000000001, 0.004589999999999996, 340, 425, 510, 87130, 86130, 85, 170, undefined, 1493684949542
Booster, Armed, 1300.8599999999992, 32.9893086000001, -106.97304140000051, 86, 172, 258, 0.034400000000000014, 0.051600000000000104, 0.004643999999999996, 344, 430, 516, 87214, 86128, 86, 172, undefined, 1493684949575
Sustainer, Armed, 1300.085999999998, 32.9893086000001, -106.97304140000051, 86, 172, 258, 0.034400000000000014, 0.051600000000000104, 0.004643999999999996, 344, 430, 516, 88128, 87128, 86, 172, undefined, 1493684949575
Booster, Armed, 1300.8699999999992, 32.9893087000001, -106.97304130000052, 87, 174, 261, 0.03480000000000001, 0.05220000000000011, 0.0046979999999999964, 348, 435, 522, 88213, 87126, 87, 174, undefined, 1493684949606
Sustainer, Armed, 1300.086999999998, 32.9893087000001, -106.97304130000052, 87, 174, 261, 0.03480000000000001, 0.05220000000000011, 0.0046979999999999964, 348, 435, 522, 89126, 88126, 87, 174, undefined, 1493684949606
Booster, Armed, 1300.8799999999992, 32.9893088000001, -106.97304120000052, 88, 176, 264, 0.03520000000000001, 0.05280000000000011, 0.004751999999999997, 352, 440, 528, 89212, 88124, 88, 176, undefined, 1493684949627
Sustainer, Armed, 1300.087999999998, 32.9893088000001, -106.97304120000052, 88, 176, 264, 0.03520000000000001, 0.05280000000000011, 0.004751999999999997, 352, 440, 528, 90124, 89124, 88, 176, undefined, 1493684949627
Sustainer, Armed, 1300.088999999998, 32.989308900000104, -106.97304110000053, 89, 178, 267, 0.03560000000000001, 0.053400000000000114, 0.004805999999999997, 356, 445, 534, 91122, 90122, 89, 178, undefined, 1493684949658
Booster, Armed, 1300.8899999999992, 32.989308900000104, -106.97304110000053, 89, 178, 267, 0.03560000000000001, 0.053400000000000114, 0.004805999999999997, 356, 445, 534, 90211, 89122, 89, 178, undefined, 1493684949658
Booster, Armed, 1300.8999999999992, 32.989309000000105, -106.97304100000053, 90, 180, 270, 0.036000000000000004, 0.05400000000000012, 0.004859999999999997, 360, 450, 540, 91210, 90120, 90, 180, undefined, 1493684949689
Sustainer, Armed, 1300.0899999999979, 32.989309000000105, -106.97304100000053, 90, 180, 270, 0.036000000000000004, 0.05400000000000012, 0.004859999999999997, 360, 450, 540, 92120, 91120, 90, 180, undefined, 1493684949689
Booster, Armed, 1300.9099999999992, 32.989309100000106, -106.97304090000054, 91, 182, 273, 0.0364, 0.05460000000000012, 0.004913999999999997, 364, 455, 546, 92209, 91118, 91, 182, undefined, 1493684949720
Sustainer, Armed, 1300.0909999999978, 32.989309100000106, -106.97304090000054, 91, 182, 273, 0.0364, 0.05460000000000012, 0.004913999999999997, 364, 455, 546, 93118, 92118, 91, 182, undefined, 1493684949720
Booster, Armed, 1300.9199999999992, 32.98930920000011, -106.97304080000055, 92, 184, 276, 0.0368, 0.055200000000000124, 0.004967999999999998, 368, 460, 552, 93208, 92116, 92, 184, undefined, 1493684949741
Sustainer, Armed, 1300.0919999999978, 32.98930920000011, -106.97304080000055, 92, 184, 276, 0.0368, 0.055200000000000124, 0.004967999999999998, 368, 460, 552, 94116, 93116, 92, 184, undefined, 1493684949741
Booster, Armed, 1300.9299999999992, 32.98930930000011, -106.97304070000055, 93, 186, 279, 0.0372, 0.05580000000000013, 0.005021999999999998, 372, 465, 558, 94207, 93114, 93, 186, undefined, 1493684949772
Sustainer, Armed, 1300.0929999999978, 32.98930930000011, -106.97304070000055, 93, 186, 279, 0.0372, 0.05580000000000013, 0.005021999999999998, 372, 465, 558, 95114, 94114, 93, 186, undefined, 1493684949772
Sustainer, Armed, 1300.0939999999978, 32.98930940000011, -106.97304060000056, 94, 188, 282, 0.037599999999999995, 0.05640000000000013, 0.005075999999999998, 376, 470, 564, 96112, 95112, 94, 188, undefined, 1493684949803
Booster, Armed, 1300.9399999999991, 32.98930940000011, -106.97304060000056, 94, 188, 282, 0.037599999999999995, 0.05640000000000013, 0.005075999999999998, 376, 470, 564, 95206, 94112, 94, 188, undefined, 1493684949803
Booster, Armed, 1300.9499999999991, 32.98930950000011, -106.97304050000056, 95, 190, 285, 0.03799999999999999, 0.057000000000000134, 0.005129999999999998, 380, 475, 570, 96205, 95110, 95, 190, undefined, 1493684949834
Sustainer, Armed, 1300.0949999999978, 32.98930950000011, -106.97304050000056, 95, 190, 285, 0.03799999999999999, 0.057000000000000134, 0.005129999999999998, 380, 475, 570, 97110, 96110, 95, 190, undefined, 1493684949834
Booster, Armed, 1300.9599999999991, 32.98930960000011, -106.97304040000057, 96, 192, 288, 0.03839999999999999, 0.05760000000000014, 0.0051839999999999985, 384, 480, 576, 97204, 96108, 96, 192, undefined, 1493684949867
Sustainer, Armed, 1300.0959999999977, 32.98930960000011, -106.97304040000057, 96, 192, 288, 0.03839999999999999, 0.05760000000000014, 0.0051839999999999985, 384, 480, 576, 98108, 97108, 96, 192, undefined, 1493684949867
Booster, Armed, 1300.9699999999991, 32.98930970000011, -106.97304030000058, 97, 194, 291, 0.03879999999999999, 0.05820000000000014, 0.005237999999999999, 388, 485, 582, 98203, 97106, 97, 194, undefined, 1493684949899
Sustainer, Armed, 1300.0969999999977, 32.98930970000011, -106.97304030000058, 97, 194, 291, 0.03879999999999999, 0.05820000000000014, 0.005237999999999999, 388, 485, 582, 99106, 98106, 97, 194, undefined, 1493684949899
Booster, Armed, 1300.979999999999, 32.989309800000115, -106.97304020000058, 98, 196, 294, 0.039199999999999985, 0.058800000000000144, 0.005291999999999999, 392, 490, 588, 99202, 98104, 98, 196, undefined, 1493684949930
Sustainer, Armed, 1300.0979999999977, 32.989309800000115, -106.97304020000058, 98, 196, 294, 0.039199999999999985, 0.058800000000000144, 0.005291999999999999, 392, 490, 588, 100104, 99104, 98, 196, undefined, 1493684949930
Booster, Armed, 1300.989999999999, 32.989309900000116, -106.97304010000059, 99, 198, 297, 0.03959999999999998, 0.05940000000000015, 0.005345999999999999, 396, 495, 594, 100201, 99102, 99, 198, undefined, 1493684949951
Sustainer, Armed, 1300.0989999999977, 32.989309900000116, -106.97304010000059, 99, 198, 297, 0.03959999999999998, 0.05940000000000015, 0.005345999999999999, 396, 495, 594, 101102, 100102, 99, 198, undefined, 1493684949951
Booster, Armed, 1300.999999999999, 32.98931000000012, -106.9730400000006, 100, 200, 300, 0.03999999999999998, 0.06000000000000015, 0.005399999999999999, 400, 500, 600, 101200, 100100, 100, 200, undefined, 1493684949983
Sustainer, Armed, 1300.0999999999976, 32.98931000000012, -106.9730400000006, 100, 200, 300, 0.03999999999999998, 0.06000000000000015, 0.005399999999999999, 400, 500, 600, 102100, 101100, 100, 200, undefined, 1493684949983
Booster, Armed, 1301.009999999999, 32.98931010000012, -106.9730399000006, 101, 202, 303, 0.04039999999999998, 0.060600000000000154, 0.005454, 404, 505, 606, 102199, 101098, 101, 202, undefined, 1493684950014
Sustainer, Armed, 1300.1009999999976, 32.98931010000012, -106.9730399000006, 101, 202, 303, 0.04039999999999998, 0.060600000000000154, 0.005454, 404, 505, 606, 103098, 102098, 101, 202, undefined, 1493684950014
Booster, Armed, 1301.019999999999, 32.98931020000012, -106.9730398000006, 102, 204, 306, 0.040799999999999975, 0.06120000000000016, 0.005508, 408, 510, 612, 103198, 102096, 102, 204, undefined, 1493684950045
Sustainer, Armed, 1300.1019999999976, 32.98931020000012, -106.9730398000006, 102, 204, 306, 0.040799999999999975, 0.06120000000000016, 0.005508, 408, 510, 612, 104096, 103096, 102, 204, undefined, 1493684950045
Booster, Armed, 1301.029999999999, 32.98931030000012, -106.97303970000061, 103, 206, 309, 0.04119999999999997, 0.06180000000000016, 0.005562, 412, 515, 618, 104197, 103094, 103, 206, undefined, 1493684950081
Sustainer, Armed, 1300.1029999999976, 32.98931030000012, -106.97303970000061, 103, 206, 309, 0.04119999999999997, 0.06180000000000016, 0.005562, 412, 515, 618, 105094, 104094, 103, 206, undefined, 1493684950081
Booster, Armed, 1301.039999999999, 32.98931040000012, -106.97303960000062, 104, 208, 312, 0.04159999999999997, 0.062400000000000164, 0.005616, 416, 520, 624, 105196, 104092, 104, 208, undefined, 1493684950112
Sustainer, Armed, 1300.1039999999975, 32.98931040000012, -106.97303960000062, 104, 208, 312, 0.04159999999999997, 0.062400000000000164, 0.005616, 416, 520, 624, 106092, 105092, 104, 208, undefined, 1493684950112
Booster, Armed, 1301.049999999999, 32.98931050000012, -106.97303950000062, 105, 210, 315, 0.04199999999999997, 0.06300000000000017, 0.0056700000000000006, 420, 525, 630, 106195, 105090, 105, 210, undefined, 1493684950144
Sustainer, Armed, 1300.1049999999975, 32.98931050000012, -106.97303950000062, 105, 210, 315, 0.04199999999999997, 0.06300000000000017, 0.0056700000000000006, 420, 525, 630, 107090, 106090, 105, 210, undefined, 1493684950144
Booster, Armed, 1301.059999999999, 32.989310600000124, -106.97303940000063, 106, 212, 318, 0.042399999999999965, 0.06360000000000017, 0.005724000000000001, 424, 530, 636, 107194, 106088, 106, 212, undefined, 1493684950175
Sustainer, Armed, 1300.1059999999975, 32.989310600000124, -106.97303940000063, 106, 212, 318, 0.042399999999999965, 0.06360000000000017, 0.005724000000000001, 424, 530, 636, 108088, 107088, 106, 212, undefined, 1493684950175
Booster, Armed, 1301.069999999999, 32.989310700000125, -106.97303930000064, 107, 214, 321, 0.04279999999999996, 0.06420000000000017, 0.005778000000000001, 428, 535, 642, 108193, 107086, 107, 214, undefined, 1493684950196
Sustainer, Armed, 1300.1069999999975, 32.989310700000125, -106.97303930000064, 107, 214, 321, 0.04279999999999996, 0.06420000000000017, 0.005778000000000001, 428, 535, 642, 109086, 108086, 107, 214, undefined, 1493684950196
Booster, Armed, 1301.079999999999, 32.989310800000126, -106.97303920000064, 108, 216, 324, 0.04319999999999996, 0.06480000000000018, 0.005832000000000001, 432, 540, 648, 109192, 108084, 108, 216, undefined, 1493684950227
Sustainer, Armed, 1300.1079999999974, 32.989310800000126, -106.97303920000064, 108, 216, 324, 0.04319999999999996, 0.06480000000000018, 0.005832000000000001, 432, 540, 648, 110084, 109084, 108, 216, undefined, 1493684950227
Booster, Armed, 1301.089999999999, 32.98931090000013, -106.97303910000065, 109, 218, 327, 0.04359999999999996, 0.06540000000000018, 0.0058860000000000015, 436, 545, 654, 110191, 109082, 109, 218, undefined, 1493684950258
Sustainer, Armed, 1300.1089999999974, 32.98931090000013, -106.97303910000065, 109, 218, 327, 0.04359999999999996, 0.06540000000000018, 0.0058860000000000015, 436, 545, 654, 111082, 110082, 109, 218, undefined, 1493684950258
Booster, Armed, 1301.099999999999, 32.98931100000013, -106.97303900000065, 110, 220, 330, 0.043999999999999956, 0.06600000000000018, 0.005940000000000002, 440, 550, 660, 111190, 110080, 110, 220, undefined, 1493684950290
Sustainer, Armed, 1300.1099999999974, 32.98931100000013, -106.97303900000065, 110, 220, 330, 0.043999999999999956, 0.06600000000000018, 0.005940000000000002, 440, 550, 660, 112080, 111080, 110, 220, undefined, 1493684950290
Booster, Armed, 1301.109999999999, 32.98931110000013, -106.97303890000066, 111, 222, 333, 0.04439999999999995, 0.06660000000000019, 0.005994000000000002, 444, 555, 666, 112189, 111078, 111, 222, undefined, 1493684950310
Sustainer, Armed, 1300.1109999999974, 32.98931110000013, -106.97303890000066, 111, 222, 333, 0.04439999999999995, 0.06660000000000019, 0.005994000000000002, 444, 555, 666, 113078, 112078, 111, 222, undefined, 1493684950310
Booster, Armed, 1301.119999999999, 32.98931120000013, -106.97303880000067, 112, 224, 336, 0.04479999999999995, 0.06720000000000019, 0.006048000000000002, 448, 560, 672, 113188, 112076, 112, 224, undefined, 1493684950341
Sustainer, Armed, 1300.1119999999974, 32.98931120000013, -106.97303880000067, 112, 224, 336, 0.04479999999999995, 0.06720000000000019, 0.006048000000000002, 448, 560, 672, 114076, 113076, 112, 224, undefined, 1493684950341
Booster, Armed, 1301.129999999999, 32.98931130000013, -106.97303870000067, 113, 226, 339, 0.04519999999999995, 0.0678000000000002, 0.006102000000000002, 452, 565, 678, 114187, 113074, 113, 226, undefined, 1493684950372
Sustainer, Armed, 1300.1129999999973, 32.98931130000013, -106.97303870000067, 113, 226, 339, 0.04519999999999995, 0.0678000000000002, 0.006102000000000002, 452, 565, 678, 115074, 114074, 113, 226, undefined, 1493684950372
Booster, Armed, 1301.139999999999, 32.98931140000013, -106.97303860000068, 114, 228, 342, 0.045599999999999946, 0.0684000000000002, 0.006156000000000003, 456, 570, 684, 115186, 114072, 114, 228, undefined, 1493684950404
Sustainer, Armed, 1300.1139999999973, 32.98931140000013, -106.97303860000068, 114, 228, 342, 0.045599999999999946, 0.0684000000000002, 0.006156000000000003, 456, 570, 684, 116072, 115072, 114, 228, undefined, 1493684950404
Booster, Armed, 1301.149999999999, 32.989311500000134, -106.97303850000068, 115, 230, 345, 0.045999999999999944, 0.0690000000000002, 0.006210000000000003, 460, 575, 690, 116185, 115070, 115, 230, undefined, 1493684950439
Sustainer, Armed, 1300.1149999999973, 32.989311500000134, -106.97303850000068, 115, 230, 345, 0.045999999999999944, 0.0690000000000002, 0.006210000000000003, 460, 575, 690, 117070, 116070, 115, 230, undefined, 1493684950439
Booster, Armed, 1301.159999999999, 32.989311600000136, -106.97303840000069, 116, 232, 348, 0.04639999999999994, 0.0696000000000002, 0.006264000000000003, 464, 580, 696, 117184, 116068, 116, 232, undefined, 1493684950471
Sustainer, Armed, 1300.1159999999973, 32.989311600000136, -106.97303840000069, 116, 232, 348, 0.04639999999999994, 0.0696000000000002, 0.006264000000000003, 464, 580, 696, 118068, 117068, 116, 232, undefined, 1493684950471
Booster, Armed, 1301.169999999999, 32.98931170000014, -106.9730383000007, 117, 234, 351, 0.04679999999999994, 0.0702000000000002, 0.006318000000000003, 468, 585, 702, 118183, 117066, 117, 234, undefined, 1493684950502
Sustainer, Armed, 1300.1169999999972, 32.98931170000014, -106.9730383000007, 117, 234, 351, 0.04679999999999994, 0.0702000000000002, 0.006318000000000003, 468, 585, 702, 119066, 118066, 117, 234, undefined, 1493684950502
Booster, Armed, 1301.179999999999, 32.98931180000014, -106.9730382000007, 118, 236, 354, 0.047199999999999936, 0.07080000000000021, 0.0063720000000000035, 472, 590, 708, 119182, 118064, 118, 236, undefined, 1493684950522
Sustainer, Armed, 1300.1179999999972, 32.98931180000014, -106.9730382000007, 118, 236, 354, 0.047199999999999936, 0.07080000000000021, 0.0063720000000000035, 472, 590, 708, 120064, 119064, 118, 236, undefined, 1493684950522
Booster, Armed, 1301.189999999999, 32.98931190000014, -106.97303810000071, 119, 238, 357, 0.047599999999999934, 0.07140000000000021, 0.006426000000000004, 476, 595, 714, 120181, 119062, 119, 238, undefined, 1493684950554
Sustainer, Armed, 1300.1189999999972, 32.98931190000014, -106.97303810000071, 119, 238, 357, 0.047599999999999934, 0.07140000000000021, 0.006426000000000004, 476, 595, 714, 121062, 120062, 119, 238, undefined, 1493684950554
Booster, Armed, 1301.199999999999, 32.98931200000014, -106.97303800000071, 120, 240, 360, 0.04799999999999993, 0.07200000000000022, 0.006480000000000004, 480, 600, 720, 121180, 120060, 120, 240, undefined, 1493684950585
Sustainer, Armed, 1300.1199999999972, 32.98931200000014, -106.97303800000071, 120, 240, 360, 0.04799999999999993, 0.07200000000000022, 0.006480000000000004, 480, 600, 720, 122060, 121060, 120, 240, undefined, 1493684950585
Booster, Armed, 1301.209999999999, 32.98931210000014, -106.97303790000072, 121, 242, 363, 0.04839999999999993, 0.07260000000000022, 0.006534000000000004, 484, 605, 726, 122179, 121058, 121, 242, undefined, 1493684950616
Sustainer, Armed, 1300.1209999999971, 32.98931210000014, -106.97303790000072, 121, 242, 363, 0.04839999999999993, 0.07260000000000022, 0.006534000000000004, 484, 605, 726, 123058, 122058, 121, 242, undefined, 1493684950616
Booster, Armed, 1301.219999999999, 32.98931220000014, -106.97303780000072, 122, 244, 366, 0.04879999999999993, 0.07320000000000022, 0.0065880000000000044, 488, 610, 732, 123178, 122056, 122, 244, undefined, 1493684950652
Sustainer, Armed, 1300.1219999999971, 32.98931220000014, -106.97303780000072, 122, 244, 366, 0.04879999999999993, 0.07320000000000022, 0.0065880000000000044, 488, 610, 732, 124056, 123056, 122, 244, undefined, 1493684950652
Booster, Armed, 1301.2299999999989, 32.989312300000144, -106.97303770000073, 123, 246, 369, 0.049199999999999924, 0.07380000000000023, 0.006642000000000005, 492, 615, 738, 124177, 123054, 123, 246, undefined, 1493684950683
Sustainer, Armed, 1300.122999999997, 32.989312300000144, -106.97303770000073, 123, 246, 369, 0.049199999999999924, 0.07380000000000023, 0.006642000000000005, 492, 615, 738, 125054, 124054, 123, 246, undefined, 1493684950683
Booster, Armed, 1301.2399999999989, 32.989312400000145, -106.97303760000074, 124, 248, 372, 0.04959999999999992, 0.07440000000000023, 0.006696000000000005, 496, 620, 744, 125176, 124052, 124, 248, undefined, 1493684950714
Sustainer, Armed, 1300.123999999997, 32.989312400000145, -106.97303760000074, 124, 248, 372, 0.04959999999999992, 0.07440000000000023, 0.006696000000000005, 496, 620, 744, 126052, 125052, 124, 248, undefined, 1493684950714
Booster, Armed, 1301.2499999999989, 32.989312500000146, -106.97303750000074, 125, 250, 375, 0.04999999999999992, 0.07500000000000023, 0.006750000000000005, 500, 625, 750, 126175, 125050, 125, 250, undefined, 1493684950746
Sustainer, Armed, 1300.124999999997, 32.989312500000146, -106.97303750000074, 125, 250, 375, 0.04999999999999992, 0.07500000000000023, 0.006750000000000005, 500, 625, 750, 127050, 126050, 125, 250, undefined, 1493684950746
Booster, Armed, 1301.2599999999989, 32.98931260000015, -106.97303740000075, 126, 252, 378, 0.05039999999999992, 0.07560000000000024, 0.006804000000000005, 504, 630, 756, 127174, 126048, 126, 252, undefined, 1493684950782
Sustainer, Armed, 1300.125999999997, 32.98931260000015, -106.97303740000075, 126, 252, 378, 0.05039999999999992, 0.07560000000000024, 0.006804000000000005, 504, 630, 756, 128048, 127048, 126, 252, undefined, 1493684950782
Booster, Armed, 1301.2699999999988, 32.98931270000015, -106.97303730000075, 127, 254, 381, 0.050799999999999915, 0.07620000000000024, 0.006858000000000006, 508, 635, 762, 128173, 127046, 127, 254, undefined, 1493684950813
Sustainer, Armed, 1300.126999999997, 32.98931270000015, -106.97303730000075, 127, 254, 381, 0.050799999999999915, 0.07620000000000024, 0.006858000000000006, 508, 635, 762, 129046, 128046, 127, 254, undefined, 1493684950813
Booster, Armed, 1301.2799999999988, 32.98931280000015, -106.97303720000076, 128, 256, 384, 0.05119999999999991, 0.07680000000000024, 0.006912000000000006, 512, 640, 768, 129172, 128044, 128, 256, undefined, 1493684950844
Sustainer, Armed, 1300.127999999997, 32.98931280000015, -106.97303720000076, 128, 256, 384, 0.05119999999999991, 0.07680000000000024, 0.006912000000000006, 512, 640, 768, 130044, 129044, 128, 256, undefined, 1493684950844
Booster, Armed, 1301.2899999999988, 32.98931290000015, -106.97303710000077, 129, 258, 387, 0.05159999999999991, 0.07740000000000025, 0.006966000000000006, 516, 645, 774, 130171, 129042, 129, 258, undefined, 1493684950864
Sustainer, Armed, 1300.128999999997, 32.98931290000015, -106.97303710000077, 129, 258, 387, 0.05159999999999991, 0.07740000000000025, 0.006966000000000006, 516, 645, 774, 131042, 130042, 129, 258, undefined, 1493684950864
Booster, Armed, 1301.2999999999988, 32.98931300000015, -106.97303700000077, 130, 260, 390, 0.05199999999999991, 0.07800000000000025, 0.007020000000000006, 520, 650, 780, 131170, 130040, 130, 260, undefined, 1493684950896
Sustainer, Armed, 1300.129999999997, 32.98931300000015, -106.97303700000077, 130, 260, 390, 0.05199999999999991, 0.07800000000000025, 0.007020000000000006, 520, 650, 780, 132040, 131040, 130, 260, undefined, 1493684950896
Booster, Armed, 1301.3099999999988, 32.98931310000015, -106.97303690000078, 131, 262, 393, 0.052399999999999905, 0.07860000000000025, 0.0070740000000000065, 524, 655, 786, 132169, 131038, 131, 262, undefined, 1493684950927
Sustainer, Armed, 1300.130999999997, 32.98931310000015, -106.97303690000078, 131, 262, 393, 0.052399999999999905, 0.07860000000000025, 0.0070740000000000065, 524, 655, 786, 133038, 132038, 131, 262, undefined, 1493684950927
Booster, Armed, 1301.3199999999988, 32.989313200000154, -106.97303680000078, 132, 264, 396, 0.0527999999999999, 0.07920000000000026, 0.007128000000000007, 528, 660, 792, 133168, 132036, 132, 264, undefined, 1493684950958
Sustainer, Armed, 1300.1319999999969, 32.989313200000154, -106.97303680000078, 132, 264, 396, 0.0527999999999999, 0.07920000000000026, 0.007128000000000007, 528, 660, 792, 134036, 133036, 132, 264, undefined, 1493684950958
Booster, Armed, 1301.3299999999988, 32.989313300000155, -106.97303670000079, 133, 266, 399, 0.0531999999999999, 0.07980000000000026, 0.007182000000000007, 532, 665, 798, 134167, 133034, 133, 266, undefined, 1493684950979
Sustainer, Armed, 1300.1329999999969, 32.989313300000155, -106.97303670000079, 133, 266, 399, 0.0531999999999999, 0.07980000000000026, 0.007182000000000007, 532, 665, 798, 135034, 134034, 133, 266, undefined, 1493684950979
Booster, Armed, 1301.3399999999988, 32.98931340000016, -106.9730366000008, 134, 268, 402, 0.0535999999999999, 0.08040000000000026, 0.007236000000000007, 536, 670, 804, 135166, 134032, 134, 268, undefined, 1493684951011
Sustainer, Armed, 1300.1339999999968, 32.98931340000016, -106.9730366000008, 134, 268, 402, 0.0535999999999999, 0.08040000000000026, 0.007236000000000007, 536, 670, 804, 136032, 135032, 134, 268, undefined, 1493684951011
Booster, Armed, 1301.3499999999988, 32.98931350000016, -106.9730365000008, 135, 270, 405, 0.053999999999999895, 0.08100000000000027, 0.007290000000000007, 540, 675, 810, 136165, 135030, 135, 270, undefined, 1493684951042
Sustainer, Armed, 1300.1349999999968, 32.98931350000016, -106.9730365000008, 135, 270, 405, 0.053999999999999895, 0.08100000000000027, 0.007290000000000007, 540, 675, 810, 137030, 136030, 135, 270, undefined, 1493684951042
Booster, Armed, 1301.3599999999988, 32.98931360000016, -106.97303640000081, 136, 272, 408, 0.05439999999999989, 0.08160000000000027, 0.007344000000000008, 544, 680, 816, 137164, 136028, 136, 272, undefined, 1493684951073
Sustainer, Armed, 1300.1359999999968, 32.98931360000016, -106.97303640000081, 136, 272, 408, 0.05439999999999989, 0.08160000000000027, 0.007344000000000008, 544, 680, 816, 138028, 137028, 136, 272, undefined, 1493684951073
Booster, Armed, 1301.3699999999988, 32.98931370000016, -106.97303630000081, 137, 274, 411, 0.05479999999999989, 0.08220000000000027, 0.007398000000000008, 548, 685, 822, 138163, 137026, 137, 274, undefined, 1493684951109
Sustainer, Armed, 1300.1369999999968, 32.98931370000016, -106.97303630000081, 137, 274, 411, 0.05479999999999989, 0.08220000000000027, 0.007398000000000008, 548, 685, 822, 139026, 138026, 137, 274, undefined, 1493684951109
Booster, Armed, 1301.3799999999987, 32.98931380000016, -106.97303620000082, 138, 276, 414, 0.05519999999999989, 0.08280000000000028, 0.007452000000000008, 552, 690, 828, 139162, 138024, 138, 276, undefined, 1493684951140
Sustainer, Armed, 1300.1379999999967, 32.98931380000016, -106.97303620000082, 138, 276, 414, 0.05519999999999989, 0.08280000000000028, 0.007452000000000008, 552, 690, 828, 140024, 139024, 138, 276, undefined, 1493684951140
Booster, Armed, 1301.3899999999987, 32.98931390000016, -106.97303610000083, 139, 278, 417, 0.055599999999999886, 0.08340000000000028, 0.007506000000000008, 556, 695, 834, 140161, 139022, 139, 278, undefined, 1493684951172
Sustainer, Armed, 1300.1389999999967, 32.98931390000016, -106.97303610000083, 139, 278, 417, 0.055599999999999886, 0.08340000000000028, 0.007506000000000008, 556, 695, 834, 141022, 140022, 139, 278, undefined, 1493684951172
Booster, Armed, 1301.3999999999987, 32.989314000000164, -106.97303600000083, 140, 280, 420, 0.05599999999999988, 0.08400000000000028, 0.0075600000000000086, 560, 700, 840, 141160, 140020, 140, 280, undefined, 1493684951203
Sustainer, Armed, 1300.1399999999967, 32.989314000000164, -106.97303600000083, 140, 280, 420, 0.05599999999999988, 0.08400000000000028, 0.0075600000000000086, 560, 700, 840, 142020, 141020, 140, 280, undefined, 1493684951203
Booster, Armed, 1301.4099999999987, 32.989314100000165, -106.97303590000084, 141, 282, 423, 0.05639999999999988, 0.08460000000000029, 0.007614000000000009, 564, 705, 846, 142159, 141018, 141, 282, undefined, 1493684951224
Sustainer, Armed, 1300.1409999999967, 32.989314100000165, -106.97303590000084, 141, 282, 423, 0.05639999999999988, 0.08460000000000029, 0.007614000000000009, 564, 705, 846, 143018, 142018, 141, 282, undefined, 1493684951224
Booster, Armed, 1301.4199999999987, 32.989314200000166, -106.97303580000084, 142, 284, 426, 0.05679999999999988, 0.08520000000000029, 0.007668000000000009, 568, 710, 852, 143158, 142016, 142, 284, undefined, 1493684951256
Sustainer, Armed, 1300.1419999999966, 32.989314200000166, -106.97303580000084, 142, 284, 426, 0.05679999999999988, 0.08520000000000029, 0.007668000000000009, 568, 710, 852, 144016, 143016, 142, 284, undefined, 1493684951256
Booster, Armed, 1301.4299999999987, 32.98931430000017, -106.97303570000085, 143, 286, 429, 0.057199999999999876, 0.08580000000000029, 0.007722000000000009, 572, 715, 858, 144157, 143014, 143, 286, undefined, 1493684951287
Sustainer, Armed, 1300.1429999999966, 32.98931430000017, -106.97303570000085, 143, 286, 429, 0.057199999999999876, 0.08580000000000029, 0.007722000000000009, 572, 715, 858, 145014, 144014, 143, 286, undefined, 1493684951287
Booster, Armed, 1301.4399999999987, 32.98931440000017, -106.97303560000086, 144, 288, 432, 0.057599999999999874, 0.0864000000000003, 0.0077760000000000095, 576, 720, 864, 145156, 144012, 144, 288, undefined, 1493684951318
Sustainer, Armed, 1300.1439999999966, 32.98931440000017, -106.97303560000086, 144, 288, 432, 0.057599999999999874, 0.0864000000000003, 0.0077760000000000095, 576, 720, 864, 146012, 145012, 144, 288, undefined, 1493684951318
Booster, Armed, 1301.4499999999987, 32.98931450000017, -106.97303550000086, 145, 290, 435, 0.05799999999999987, 0.0870000000000003, 0.007830000000000009, 580, 725, 870, 146155, 145010, 145, 290, undefined, 1493684951339
Sustainer, Armed, 1300.1449999999966, 32.98931450000017, -106.97303550000086, 145, 290, 435, 0.05799999999999987, 0.0870000000000003, 0.007830000000000009, 580, 725, 870, 147010, 146010, 145, 290, undefined, 1493684951339
Booster, Armed, 1301.4599999999987, 32.98931460000017, -106.97303540000087, 146, 292, 438, 0.05839999999999987, 0.0876000000000003, 0.007884000000000009, 584, 730, 876, 147154, 146008, 146, 292, undefined, 1493684951371
Sustainer, Armed, 1300.1459999999965, 32.98931460000017, -106.97303540000087, 146, 292, 438, 0.05839999999999987, 0.0876000000000003, 0.007884000000000009, 584, 730, 876, 148008, 147008, 146, 292, undefined, 1493684951371
Booster, Armed, 1301.4699999999987, 32.98931470000017, -106.97303530000087, 147, 294, 441, 0.058799999999999866, 0.0882000000000003, 0.00793800000000001, 588, 735, 882, 148153, 147006, 147, 294, undefined, 1493684951402
Sustainer, Armed, 1300.1469999999965, 32.98931470000017, -106.97303530000087, 147, 294, 441, 0.058799999999999866, 0.0882000000000003, 0.00793800000000001, 588, 735, 882, 149006, 148006, 147, 294, undefined, 1493684951402
Booster, Armed, 1301.4799999999987, 32.98931480000017, -106.97303520000088, 148, 296, 444, 0.059199999999999864, 0.08880000000000031, 0.00799200000000001, 592, 740, 888, 149152, 148004, 148, 296, undefined, 1493684951433
Sustainer, Armed, 1300.1479999999965, 32.98931480000017, -106.97303520000088, 148, 296, 444, 0.059199999999999864, 0.08880000000000031, 0.00799200000000001, 592, 740, 888, 150004, 149004, 148, 296, undefined, 1493684951433
Booster, Armed, 1301.4899999999986, 32.989314900000174, -106.97303510000089, 149, 298, 447, 0.05959999999999986, 0.08940000000000031, 0.00804600000000001, 596, 745, 894, 150151, 149002, 149, 298, undefined, 1493684951453
Sustainer, Armed, 1300.1489999999965, 32.989314900000174, -106.97303510000089, 149, 298, 447, 0.05959999999999986, 0.08940000000000031, 0.00804600000000001, 596, 745, 894, 151002, 150002, 149, 298, undefined, 1493684951453
Booster, Armed, 1301.4999999999986, 32.989315000000175, -106.97303500000089, 150, 300, 450, 0.05999999999999986, 0.09000000000000032, 0.00810000000000001, 600, 750, 900, 151150, 150000, 150, 300, undefined, 1493684951485
Sustainer, Armed, 1300.1499999999965, 32.989315000000175, -106.97303500000089, 150, 300, 450, 0.05999999999999986, 0.09000000000000032, 0.00810000000000001, 600, 750, 900, 152000, 151000, 150, 300, undefined, 1493684951485
Booster, Armed, 1301.5099999999986, 32.98931510000018, -106.9730349000009, 151, 302, 453, 0.06039999999999986, 0.09060000000000032, 0.00815400000000001, 604, 755, 906, 152149, 150998, 151, 302, undefined, 1493684951516
Sustainer, Armed, 1300.1509999999964, 32.98931510000018, -106.9730349000009, 151, 302, 453, 0.06039999999999986, 0.09060000000000032, 0.00815400000000001, 604, 755, 906, 152998, 151998, 151, 302, undefined, 1493684951516
Booster, Armed, 1301.5199999999986, 32.98931520000018, -106.9730348000009, 152, 304, 456, 0.060799999999999854, 0.09120000000000032, 0.00820800000000001, 608, 760, 912, 153148, 151996, 152, 304, undefined, 1493684951547
Sustainer, Armed, 1300.1519999999964, 32.98931520000018, -106.9730348000009, 152, 304, 456, 0.060799999999999854, 0.09120000000000032, 0.00820800000000001, 608, 760, 912, 153996, 152996, 152, 304, undefined, 1493684951547
Booster, Armed, 1301.5299999999986, 32.98931530000018, -106.97303470000091, 153, 306, 459, 0.06119999999999985, 0.09180000000000033, 0.00826200000000001, 612, 765, 918, 154147, 152994, 153, 306, undefined, 1493684951567
Sustainer, Armed, 1300.1529999999964, 32.98931530000018, -106.97303470000091, 153, 306, 459, 0.06119999999999985, 0.09180000000000033, 0.00826200000000001, 612, 765, 918, 154994, 153994, 153, 306, undefined, 1493684951567
Booster, Armed, 1301.5399999999986, 32.98931540000018, -106.97303460000091, 154, 308, 462, 0.06159999999999985, 0.09240000000000033, 0.008316000000000011, 616, 770, 924, 155146, 153992, 154, 308, undefined, 1493684951599
Sustainer, Armed, 1300.1539999999964, 32.98931540000018, -106.97303460000091, 154, 308, 462, 0.06159999999999985, 0.09240000000000033, 0.008316000000000011, 616, 770, 924, 155992, 154992, 154, 308, undefined, 1493684951599
Booster, Armed, 1301.5499999999986, 32.98931550000018, -106.97303450000092, 155, 310, 465, 0.06199999999999985, 0.09300000000000033, 0.008370000000000011, 620, 775, 930, 156145, 154990, 155, 310, undefined, 1493684951630
Sustainer, Armed, 1300.1549999999963, 32.98931550000018, -106.97303450000092, 155, 310, 465, 0.06199999999999985, 0.09300000000000033, 0.008370000000000011, 620, 775, 930, 156990, 155990, 155, 310, undefined, 1493684951630
Booster, Armed, 1301.5599999999986, 32.98931560000018, -106.97303440000093, 156, 312, 468, 0.062399999999999844, 0.09360000000000034, 0.008424000000000011, 624, 780, 936, 157144, 155988, 156, 312, undefined, 1493684951661
Sustainer, Armed, 1300.1559999999963, 32.98931560000018, -106.97303440000093, 156, 312, 468, 0.062399999999999844, 0.09360000000000034, 0.008424000000000011, 624, 780, 936, 157988, 156988, 156, 312, undefined, 1493684951661
Booster, Armed, 1301.5699999999986, 32.98931570000018, -106.97303430000093, 157, 314, 471, 0.06279999999999984, 0.09420000000000034, 0.008478000000000012, 628, 785, 942, 158143, 156986, 157, 314, undefined, 1493684951682
Sustainer, Armed, 1300.1569999999963, 32.98931570000018, -106.97303430000093, 157, 314, 471, 0.06279999999999984, 0.09420000000000034, 0.008478000000000012, 628, 785, 942, 158986, 157986, 157, 314, undefined, 1493684951682
Booster, Armed, 1301.5799999999986, 32.989315800000185, -106.97303420000094, 158, 316, 474, 0.06319999999999984, 0.09480000000000034, 0.008532000000000012, 632, 790, 948, 159142, 157984, 158, 316, undefined, 1493684951713
Sustainer, Armed, 1300.1579999999963, 32.989315800000185, -106.97303420000094, 158, 316, 474, 0.06319999999999984, 0.09480000000000034, 0.008532000000000012, 632, 790, 948, 159984, 158984, 158, 316, undefined, 1493684951713
Booster, Armed, 1301.5899999999986, 32.989315900000186, -106.97303410000094, 159, 318, 477, 0.06359999999999984, 0.09540000000000035, 0.008586000000000012, 636, 795, 954, 160141, 158982, 159, 318, undefined, 1493684951744
Sustainer, Armed, 1300.1589999999962, 32.989315900000186, -106.97303410000094, 159, 318, 477, 0.06359999999999984, 0.09540000000000035, 0.008586000000000012, 636, 795, 954, 160982, 159982, 159, 318, undefined, 1493684951744
Booster, Armed, 1301.5999999999985, 32.98931600000019, -106.97303400000095, 160, 320, 480, 0.06399999999999983, 0.09600000000000035, 0.008640000000000012, 640, 800, 960, 161140, 159980, 160, 320, undefined, 1493684951775
Sustainer, Armed, 1300.1599999999962, 32.98931600000019, -106.97303400000095, 160, 320, 480, 0.06399999999999983, 0.09600000000000035, 0.008640000000000012, 640, 800, 960, 161980, 160980, 160, 320, undefined, 1493684951775
Booster, Armed, 1301.6099999999985, 32.98931610000019, -106.97303390000096, 161, 322, 483, 0.06439999999999983, 0.09660000000000035, 0.008694000000000012, 644, 805, 966, 162139, 160978, 161, 322, undefined, 1493684951796
Sustainer, Armed, 1300.1609999999962, 32.98931610000019, -106.97303390000096, 161, 322, 483, 0.06439999999999983, 0.09660000000000035, 0.008694000000000012, 644, 805, 966, 162978, 161978, 161, 322, undefined, 1493684951796
Booster, Armed, 1301.6199999999985, 32.98931620000019, -106.97303380000096, 162, 324, 486, 0.06479999999999983, 0.09720000000000036, 0.008748000000000013, 648, 810, 972, 163138, 161976, 162, 324, undefined, 1493684951827
Sustainer, Armed, 1300.1619999999962, 32.98931620000019, -106.97303380000096, 162, 324, 486, 0.06479999999999983, 0.09720000000000036, 0.008748000000000013, 648, 810, 972, 163976, 162976, 162, 324, undefined, 1493684951827
Booster, Armed, 1301.6299999999985, 32.98931630000019, -106.97303370000097, 163, 326, 489, 0.06519999999999983, 0.09780000000000036, 0.008802000000000013, 652, 815, 978, 164137, 162974, 163, 326, undefined, 1493684951858
Sustainer, Armed, 1300.1629999999961, 32.98931630000019, -106.97303370000097, 163, 326, 489, 0.06519999999999983, 0.09780000000000036, 0.008802000000000013, 652, 815, 978, 164974, 163974, 163, 326, undefined, 1493684951858
Booster, Armed, 1301.6399999999985, 32.98931640000019, -106.97303360000097, 164, 328, 492, 0.06559999999999983, 0.09840000000000036, 0.008856000000000013, 656, 820, 984, 165136, 163972, 164, 328, undefined, 1493684951879
Sustainer, Armed, 1300.1639999999961, 32.98931640000019, -106.97303360000097, 164, 328, 492, 0.06559999999999983, 0.09840000000000036, 0.008856000000000013, 656, 820, 984, 165972, 164972, 164, 328, undefined, 1493684951879
Booster, Armed, 1301.6499999999985, 32.98931650000019, -106.97303350000098, 165, 330, 495, 0.06599999999999982, 0.09900000000000037, 0.008910000000000013, 660, 825, 990, 166135, 164970, 165, 330, undefined, 1493684951915
Sustainer, Armed, 1300.164999999996, 32.98931650000019, -106.97303350000098, 165, 330, 495, 0.06599999999999982, 0.09900000000000037, 0.008910000000000013, 660, 825, 990, 166970, 165970, 165, 330, undefined, 1493684951915
Booster, Armed, 1301.6599999999985, 32.989316600000194, -106.97303340000099, 166, 332, 498, 0.06639999999999982, 0.09960000000000037, 0.008964000000000014, 664, 830, 996, 167134, 165968, 166, 332, undefined, 1493684951946
Sustainer, Armed, 1300.165999999996, 32.989316600000194, -106.97303340000099, 166, 332, 498, 0.06639999999999982, 0.09960000000000037, 0.008964000000000014, 664, 830, 996, 167968, 166968, 166, 332, undefined, 1493684951946
Booster, Armed, 1301.6699999999985, 32.989316700000195, -106.97303330000099, 167, 334, 501, 0.06679999999999982, 0.10020000000000037, 0.009018000000000014, 668, 835, 1002, 168133, 166966, 167, 334, undefined, 1493684951977
Sustainer, Armed, 1300.166999999996, 32.989316700000195, -106.97303330000099, 167, 334, 501, 0.06679999999999982, 0.10020000000000037, 0.009018000000000014, 668, 835, 1002, 168966, 167966, 167, 334, undefined, 1493684951977
Booster, Armed, 1301.6799999999985, 32.989316800000196, -106.973033200001, 168, 336, 504, 0.06719999999999982, 0.10080000000000038, 0.009072000000000014, 672, 840, 1008, 169132, 167964, 168, 336, undefined, 1493684951998
Sustainer, Armed, 1300.167999999996, 32.989316800000196, -106.973033200001, 168, 336, 504, 0.06719999999999982, 0.10080000000000038, 0.009072000000000014, 672, 840, 1008, 169964, 168964, 168, 336, undefined, 1493684951998
Booster, Armed, 1301.6899999999985, 32.9893169000002, -106.973033100001, 169, 338, 507, 0.06759999999999981, 0.10140000000000038, 0.009126000000000014, 676, 845, 1014, 170131, 168962, 169, 338, undefined, 1493684952029
Sustainer, Armed, 1300.168999999996, 32.9893169000002, -106.973033100001, 169, 338, 507, 0.06759999999999981, 0.10140000000000038, 0.009126000000000014, 676, 845, 1014, 170962, 169962, 169, 338, undefined, 1493684952029
Booster, Armed, 1301.6999999999985, 32.9893170000002, -106.97303300000101, 170, 340, 510, 0.06799999999999981, 0.10200000000000038, 0.009180000000000015, 680, 850, 1020, 171130, 169960, 170, 340, undefined, 1493684952061
Sustainer, Armed, 1300.169999999996, 32.9893170000002, -106.97303300000101, 170, 340, 510, 0.06799999999999981, 0.10200000000000038, 0.009180000000000015, 680, 850, 1020, 171960, 170960, 170, 340, undefined, 1493684952061
Booster, Armed, 1301.7099999999984, 32.9893171000002, -106.97303290000102, 171, 342, 513, 0.06839999999999981, 0.10260000000000039, 0.009234000000000015, 684, 855, 1026, 172129, 170958, 171, 342, undefined, 1493684952092
Sustainer, Armed, 1300.170999999996, 32.9893171000002, -106.97303290000102, 171, 342, 513, 0.06839999999999981, 0.10260000000000039, 0.009234000000000015, 684, 855, 1026, 172958, 171958, 171, 342, undefined, 1493684952092
Booster, Armed, 1301.7199999999984, 32.9893172000002, -106.97303280000102, 172, 344, 516, 0.0687999999999998, 0.10320000000000039, 0.009288000000000015, 688, 860, 1032, 173128, 171956, 172, 344, undefined, 1493684952112
Sustainer, Armed, 1300.171999999996, 32.9893172000002, -106.97303280000102, 172, 344, 516, 0.0687999999999998, 0.10320000000000039, 0.009288000000000015, 688, 860, 1032, 173956, 172956, 172, 344, undefined, 1493684952112
Booster, Armed, 1301.7299999999984, 32.9893173000002, -106.97303270000103, 173, 346, 519, 0.0691999999999998, 0.10380000000000039, 0.009342000000000015, 692, 865, 1038, 174127, 172954, 173, 346, undefined, 1493684952144
Sustainer, Armed, 1300.172999999996, 32.9893173000002, -106.97303270000103, 173, 346, 519, 0.0691999999999998, 0.10380000000000039, 0.009342000000000015, 692, 865, 1038, 174954, 173954, 173, 346, undefined, 1493684952144
Booster, Armed, 1301.7399999999984, 32.9893174000002, -106.97303260000103, 174, 348, 522, 0.0695999999999998, 0.1044000000000004, 0.009396000000000015, 696, 870, 1044, 175126, 173952, 174, 348, undefined, 1493684952176
Sustainer, Armed, 1300.1739999999959, 32.9893174000002, -106.97303260000103, 174, 348, 522, 0.0695999999999998, 0.1044000000000004, 0.009396000000000015, 696, 870, 1044, 175952, 174952, 174, 348, undefined, 1493684952176
Booster, Armed, 1301.7499999999984, 32.989317500000205, -106.97303250000104, 175, 350, 525, 0.0699999999999998, 0.1050000000000004, 0.009450000000000016, 700, 875, 1050, 176125, 174950, 175, 350, undefined, 1493684952207
Sustainer, Armed, 1300.1749999999959, 32.989317500000205, -106.97303250000104, 175, 350, 525, 0.0699999999999998, 0.1050000000000004, 0.009450000000000016, 700, 875, 1050, 176950, 175950, 175, 350, undefined, 1493684952207
Booster, Armed, 1301.7599999999984, 32.989317600000206, -106.97303240000105, 176, 352, 528, 0.0703999999999998, 0.1056000000000004, 0.009504000000000016, 704, 880, 1056, 177124, 175948, 176, 352, undefined, 1493684952244
Sustainer, Armed, 1300.1759999999958, 32.989317600000206, -106.97303240000105, 176, 352, 528, 0.0703999999999998, 0.1056000000000004, 0.009504000000000016, 704, 880, 1056, 177948, 176948, 176, 352, undefined, 1493684952244
Booster, Armed, 1301.7699999999984, 32.98931770000021, -106.97303230000105, 177, 354, 531, 0.0707999999999998, 0.1062000000000004, 0.009558000000000016, 708, 885, 1062, 178123, 176946, 177, 354, undefined, 1493684952275
Sustainer, Armed, 1300.1769999999958, 32.98931770000021, -106.97303230000105, 177, 354, 531, 0.0707999999999998, 0.1062000000000004, 0.009558000000000016, 708, 885, 1062, 178946, 177946, 177, 354, undefined, 1493684952275
Booster, Armed, 1301.7799999999984, 32.98931780000021, -106.97303220000106, 178, 356, 534, 0.07119999999999979, 0.10680000000000041, 0.009612000000000016, 712, 890, 1068, 179122, 177944, 178, 356, undefined, 1493684952306
Sustainer, Armed, 1300.1779999999958, 32.98931780000021, -106.97303220000106, 178, 356, 534, 0.07119999999999979, 0.10680000000000041, 0.009612000000000016, 712, 890, 1068, 179944, 178944, 178, 356, undefined, 1493684952306
Booster, Armed, 1301.7899999999984, 32.98931790000021, -106.97303210000106, 179, 358, 537, 0.07159999999999979, 0.10740000000000041, 0.009666000000000017, 716, 895, 1074, 180121, 178942, 179, 358, undefined, 1493684952338
Sustainer, Armed, 1300.1789999999958, 32.98931790000021, -106.97303210000106, 179, 358, 537, 0.07159999999999979, 0.10740000000000041, 0.009666000000000017, 716, 895, 1074, 180942, 179942, 179, 358, undefined, 1493684952338
Booster, Armed, 1301.7999999999984, 32.98931800000021, -106.97303200000107, 180, 360, 540, 0.07199999999999979, 0.10800000000000042, 0.009720000000000017, 720, 900, 1080, 181120, 179940, 180, 360, undefined, 1493684952358
Sustainer, Armed, 1300.1799999999957, 32.98931800000021, -106.97303200000107, 180, 360, 540, 0.07199999999999979, 0.10800000000000042, 0.009720000000000017, 720, 900, 1080, 181940, 180940, 180, 360, undefined, 1493684952358
Booster, Armed, 1301.8099999999984, 32.98931810000021, -106.97303190000108, 181, 362, 543, 0.07239999999999978, 0.10860000000000042, 0.009774000000000017, 724, 905, 1086, 182119, 180938, 181, 362, undefined, 1493684952389
Sustainer, Armed, 1300.1809999999957, 32.98931810000021, -106.97303190000108, 181, 362, 543, 0.07239999999999978, 0.10860000000000042, 0.009774000000000017, 724, 905, 1086, 182938, 181938, 181, 362, undefined, 1493684952389
Booster, Armed, 1301.8199999999983, 32.98931820000021, -106.97303180000108, 182, 364, 546, 0.07279999999999978, 0.10920000000000042, 0.009828000000000017, 728, 910, 1092, 183118, 181936, 182, 364, undefined, 1493684952420
Sustainer, Armed, 1300.1819999999957, 32.98931820000021, -106.97303180000108, 182, 364, 546, 0.07279999999999978, 0.10920000000000042, 0.009828000000000017, 728, 910, 1092, 183936, 182936, 182, 364, undefined, 1493684952420
Sustainer, Armed, 1300.1829999999957, 32.989318300000214, -106.97303170000109, 183, 366, 549, 0.07319999999999978, 0.10980000000000043, 0.009882000000000018, 732, 915, 1098, 184934, 183934, 183, 366, undefined, 1493684952452
Booster, Armed, 1301.8299999999983, 32.989318300000214, -106.97303170000109, 183, 366, 549, 0.07319999999999978, 0.10980000000000043, 0.009882000000000018, 732, 915, 1098, 184117, 182934, 183, 366, undefined, 1493684952452
Booster, Armed, 1301.8399999999983, 32.989318400000215, -106.9730316000011, 184, 368, 552, 0.07359999999999978, 0.11040000000000043, 0.009936000000000018, 736, 920, 1104, 185116, 183932, 184, 368, undefined, 1493684952473
Sustainer, Armed, 1300.1839999999956, 32.989318400000215, -106.9730316000011, 184, 368, 552, 0.07359999999999978, 0.11040000000000043, 0.009936000000000018, 736, 920, 1104, 185932, 184932, 184, 368, undefined, 1493684952473
Booster, Armed, 1301.8499999999983, 32.989318500000216, -106.9730315000011, 185, 370, 555, 0.07399999999999977, 0.11100000000000043, 0.009990000000000018, 740, 925, 1110, 186115, 184930, 185, 370, undefined, 1493684952504
Sustainer, Armed, 1300.1849999999956, 32.989318500000216, -106.9730315000011, 185, 370, 555, 0.07399999999999977, 0.11100000000000043, 0.009990000000000018, 740, 925, 1110, 186930, 185930, 185, 370, undefined, 1493684952504
Booster, Armed, 1301.8599999999983, 32.98931860000022, -106.9730314000011, 186, 372, 558, 0.07439999999999977, 0.11160000000000043, 0.010044000000000018, 744, 930, 1116, 187114, 185928, 186, 372, undefined, 1493684952536
Sustainer, Armed, 1300.1859999999956, 32.98931860000022, -106.9730314000011, 186, 372, 558, 0.07439999999999977, 0.11160000000000043, 0.010044000000000018, 744, 930, 1116, 187928, 186928, 186, 372, undefined, 1493684952536
Booster, Armed, 1301.8699999999983, 32.98931870000022, -106.97303130000111, 187, 374, 561, 0.07479999999999977, 0.11220000000000044, 0.010098000000000018, 748, 935, 1122, 188113, 186926, 187, 374, undefined, 1493684952567
Sustainer, Armed, 1300.1869999999956, 32.98931870000022, -106.97303130000111, 187, 374, 561, 0.07479999999999977, 0.11220000000000044, 0.010098000000000018, 748, 935, 1122, 188926, 187926, 187, 374, undefined, 1493684952567
Booster, Armed, 1301.8799999999983, 32.98931880000022, -106.97303120000112, 188, 376, 564, 0.07519999999999977, 0.11280000000000044, 0.010152000000000019, 752, 940, 1128, 189112, 187924, 188, 376, undefined, 1493684952588
Sustainer, Armed, 1300.1879999999956, 32.98931880000022, -106.97303120000112, 188, 376, 564, 0.07519999999999977, 0.11280000000000044, 0.010152000000000019, 752, 940, 1128, 189924, 188924, 188, 376, undefined, 1493684952588
Booster, Armed, 1301.8899999999983, 32.98931890000022, -106.97303110000112, 189, 378, 567, 0.07559999999999976, 0.11340000000000044, 0.010206000000000019, 756, 945, 1134, 190111, 188922, 189, 378, undefined, 1493684952619
Sustainer, Armed, 1300.1889999999955, 32.98931890000022, -106.97303110000112, 189, 378, 567, 0.07559999999999976, 0.11340000000000044, 0.010206000000000019, 756, 945, 1134, 190922, 189922, 189, 378, undefined, 1493684952619
Booster, Armed, 1301.8999999999983, 32.98931900000022, -106.97303100000113, 190, 380, 570, 0.07599999999999976, 0.11400000000000045, 0.010260000000000019, 760, 950, 1140, 191110, 189920, 190, 380, undefined, 1493684952650
Sustainer, Armed, 1300.1899999999955, 32.98931900000022, -106.97303100000113, 190, 380, 570, 0.07599999999999976, 0.11400000000000045, 0.010260000000000019, 760, 950, 1140, 191920, 190920, 190, 380, undefined, 1493684952650
Booster, Armed, 1301.9099999999983, 32.98931910000022, -106.97303090000113, 191, 382, 573, 0.07639999999999976, 0.11460000000000045, 0.01031400000000002, 764, 955, 1146, 192109, 190918, 191, 382, undefined, 1493684952682
Sustainer, Armed, 1300.1909999999955, 32.98931910000022, -106.97303090000113, 191, 382, 573, 0.07639999999999976, 0.11460000000000045, 0.01031400000000002, 764, 955, 1146, 192918, 191918, 191, 382, undefined, 1493684952682
Booster, Armed, 1301.9199999999983, 32.989319200000224, -106.97303080000114, 192, 384, 576, 0.07679999999999976, 0.11520000000000045, 0.01036800000000002, 768, 960, 1152, 193108, 191916, 192, 384, undefined, 1493684952718
Sustainer, Armed, 1300.1919999999955, 32.989319200000224, -106.97303080000114, 192, 384, 576, 0.07679999999999976, 0.11520000000000045, 0.01036800000000002, 768, 960, 1152, 193916, 192916, 192, 384, undefined, 1493684952718
Booster, Armed, 1301.9299999999982, 32.989319300000226, -106.97303070000115, 193, 386, 579, 0.07719999999999975, 0.11580000000000046, 0.01042200000000002, 772, 965, 1158, 194107, 192914, 193, 386, undefined, 1493684952749
Sustainer, Armed, 1300.1929999999954, 32.989319300000226, -106.97303070000115, 193, 386, 579, 0.07719999999999975, 0.11580000000000046, 0.01042200000000002, 772, 965, 1158, 194914, 193914, 193, 386, undefined, 1493684952749
Booster, Armed, 1301.9399999999982, 32.98931940000023, -106.97303060000115, 194, 388, 582, 0.07759999999999975, 0.11640000000000046, 0.01047600000000002, 776, 970, 1164, 195106, 193912, 194, 388, undefined, 1493684952780
Sustainer, Armed, 1300.1939999999954, 32.98931940000023, -106.97303060000115, 194, 388, 582, 0.07759999999999975, 0.11640000000000046, 0.01047600000000002, 776, 970, 1164, 195912, 194912, 194, 388, undefined, 1493684952780
Booster, Armed, 1301.9499999999982, 32.98931950000023, -106.97303050000116, 195, 390, 585, 0.07799999999999975, 0.11700000000000046, 0.01053000000000002, 780, 975, 1170, 196105, 194910, 195, 390, undefined, 1493684952801
Sustainer, Armed, 1300.1949999999954, 32.98931950000023, -106.97303050000116, 195, 390, 585, 0.07799999999999975, 0.11700000000000046, 0.01053000000000002, 780, 975, 1170, 196910, 195910, 195, 390, undefined, 1493684952801
Booster, Armed, 1301.9599999999982, 32.98931960000023, -106.97303040000116, 196, 392, 588, 0.07839999999999975, 0.11760000000000047, 0.01058400000000002, 784, 980, 1176, 197104, 195908, 196, 392, undefined, 1493684952832
Sustainer, Armed, 1300.1959999999954, 32.98931960000023, -106.97303040000116, 196, 392, 588, 0.07839999999999975, 0.11760000000000047, 0.01058400000000002, 784, 980, 1176, 197908, 196908, 196, 392, undefined, 1493684952832
Booster, Armed, 1301.9699999999982, 32.98931970000023, -106.97303030000117, 197, 394, 591, 0.07879999999999975, 0.11820000000000047, 0.01063800000000002, 788, 985, 1182, 198103, 196906, 197, 394, undefined, 1493684952864
Sustainer, Armed, 1300.1969999999953, 32.98931970000023, -106.97303030000117, 197, 394, 591, 0.07879999999999975, 0.11820000000000047, 0.01063800000000002, 788, 985, 1182, 198906, 197906, 197, 394, undefined, 1493684952864
Booster, Armed, 1301.9799999999982, 32.98931980000023, -106.97303020000118, 198, 396, 594, 0.07919999999999974, 0.11880000000000047, 0.010692000000000021, 792, 990, 1188, 199102, 197904, 198, 396, undefined, 1493684952884
Sustainer, Armed, 1300.1979999999953, 32.98931980000023, -106.97303020000118, 198, 396, 594, 0.07919999999999974, 0.11880000000000047, 0.010692000000000021, 792, 990, 1188, 199904, 198904, 198, 396, undefined, 1493684952884
Booster, Armed, 1301.9899999999982, 32.98931990000023, -106.97303010000118, 199, 398, 597, 0.07959999999999974, 0.11940000000000048, 0.010746000000000021, 796, 995, 1194, 200101, 198902, 199, 398, undefined, 1493684952917
Sustainer, Armed, 1300.1989999999953, 32.98931990000023, -106.97303010000118, 199, 398, 597, 0.07959999999999974, 0.11940000000000048, 0.010746000000000021, 796, 995, 1194, 200902, 199902, 199, 398, undefined, 1493684952917
Booster, Armed, 1301.9999999999982, 32.989320000000234, -106.97303000000119, 200, 400, 600, 0.07999999999999974, 0.12000000000000048, 0.010800000000000021, 800, 1000, 1200, 201100, 199900, 200, 400, undefined, 1493684952948
Sustainer, Armed, 1300.1999999999953, 32.989320000000234, -106.97303000000119, 200, 400, 600, 0.07999999999999974, 0.12000000000000048, 0.010800000000000021, 800, 1000, 1200, 201900, 200900, 200, 400, undefined, 1493684952948
Booster, Armed, 1302.0099999999982, 32.989320100000235, -106.9730299000012, 201, 402, 603, 0.08039999999999974, 0.12060000000000048, 0.010854000000000022, 804, 1005, 1206, 202099, 200898, 201, 402, undefined, 1493684952979
Sustainer, Armed, 1300.2009999999952, 32.989320100000235, -106.9730299000012, 201, 402, 603, 0.08039999999999974, 0.12060000000000048, 0.010854000000000022, 804, 1005, 1206, 202898, 201898, 201, 402, undefined, 1493684952979
Booster, Armed, 1302.0199999999982, 32.989320200000236, -106.9730298000012, 202, 404, 606, 0.08079999999999973, 0.12120000000000049, 0.010908000000000022, 808, 1010, 1212, 203098, 201896, 202, 404, undefined, 1493684953011
Sustainer, Armed, 1300.2019999999952, 32.989320200000236, -106.9730298000012, 202, 404, 606, 0.08079999999999973, 0.12120000000000049, 0.010908000000000022, 808, 1010, 1212, 203896, 202896, 202, 404, undefined, 1493684953011
Booster, Armed, 1302.0299999999982, 32.98932030000024, -106.9730297000012, 203, 406, 609, 0.08119999999999973, 0.12180000000000049, 0.010962000000000022, 812, 1015, 1218, 204097, 202894, 203, 406, undefined, 1493684953031
Sustainer, Armed, 1300.2029999999952, 32.98932030000024, -106.9730297000012, 203, 406, 609, 0.08119999999999973, 0.12180000000000049, 0.010962000000000022, 812, 1015, 1218, 204894, 203894, 203, 406, undefined, 1493684953031
Booster, Armed, 1302.0399999999981, 32.98932040000024, -106.97302960000121, 204, 408, 612, 0.08159999999999973, 0.1224000000000005, 0.011016000000000022, 816, 1020, 1224, 205096, 203892, 204, 408, undefined, 1493684953062
Sustainer, Armed, 1300.2039999999952, 32.98932040000024, -106.97302960000121, 204, 408, 612, 0.08159999999999973, 0.1224000000000005, 0.011016000000000022, 816, 1020, 1224, 205892, 204892, 204, 408, undefined, 1493684953062
Booster, Armed, 1302.0499999999981, 32.98932050000024, -106.97302950000122, 205, 410, 615, 0.08199999999999973, 0.1230000000000005, 0.011070000000000023, 820, 1025, 1230, 206095, 204890, 205, 410, undefined, 1493684953093
Sustainer, Armed, 1300.2049999999952, 32.98932050000024, -106.97302950000122, 205, 410, 615, 0.08199999999999973, 0.1230000000000005, 0.011070000000000023, 820, 1025, 1230, 206890, 205890, 205, 410, undefined, 1493684953093
Booster, Armed, 1302.0599999999981, 32.98932060000024, -106.97302940000122, 206, 412, 618, 0.08239999999999972, 0.1236000000000005, 0.011124000000000023, 824, 1030, 1236, 207094, 205888, 206, 412, undefined, 1493684953125
Sustainer, Armed, 1300.2059999999951, 32.98932060000024, -106.97302940000122, 206, 412, 618, 0.08239999999999972, 0.1236000000000005, 0.011124000000000023, 824, 1030, 1236, 207888, 206888, 206, 412, undefined, 1493684953125
Booster, Armed, 1302.0699999999981, 32.98932070000024, -106.97302930000123, 207, 414, 621, 0.08279999999999972, 0.1242000000000005, 0.011178000000000023, 828, 1035, 1242, 208093, 206886, 207, 414, undefined, 1493684953145
Sustainer, Armed, 1300.206999999995, 32.98932070000024, -106.97302930000123, 207, 414, 621, 0.08279999999999972, 0.1242000000000005, 0.011178000000000023, 828, 1035, 1242, 208886, 207886, 207, 414, undefined, 1493684953145
Sustainer, Armed, 1300.207999999995, 32.98932080000024, -106.97302920000124, 208, 416, 624, 0.08319999999999972, 0.12480000000000051, 0.011232000000000023, 832, 1040, 1248, 209884, 208884, 208, 416, undefined, 1493684953176
Booster, Armed, 1302.079999999998, 32.98932080000024, -106.97302920000124, 208, 416, 624, 0.08319999999999972, 0.12480000000000051, 0.011232000000000023, 832, 1040, 1248, 209092, 207884, 208, 416, undefined, 1493684953176
Booster, Armed, 1302.089999999998, 32.989320900000244, -106.97302910000124, 209, 418, 627, 0.08359999999999972, 0.1254000000000005, 0.011286000000000023, 836, 1045, 1254, 210091, 208882, 209, 418, undefined, 1493684953207
Sustainer, Armed, 1300.208999999995, 32.989320900000244, -106.97302910000124, 209, 418, 627, 0.08359999999999972, 0.1254000000000005, 0.011286000000000023, 836, 1045, 1254, 210882, 209882, 209, 418, undefined, 1493684953207
Booster, Armed, 1302.099999999998, 32.989321000000245, -106.97302900000125, 210, 420, 630, 0.08399999999999971, 0.1260000000000005, 0.011340000000000024, 840, 1050, 1260, 211090, 209880, 210, 420, undefined, 1493684953239
Sustainer, Armed, 1300.209999999995, 32.989321000000245, -106.97302900000125, 210, 420, 630, 0.08399999999999971, 0.1260000000000005, 0.011340000000000024, 840, 1050, 1260, 211880, 210880, 210, 420, undefined, 1493684953239
Booster, Armed, 1302.109999999998, 32.98932110000025, -106.97302890000125, 211, 422, 633, 0.08439999999999971, 0.1266000000000005, 0.011394000000000024, 844, 1055, 1266, 212089, 210878, 211, 422, undefined, 1493684953259
Sustainer, Armed, 1300.210999999995, 32.98932110000025, -106.97302890000125, 211, 422, 633, 0.08439999999999971, 0.1266000000000005, 0.011394000000000024, 844, 1055, 1266, 212878, 211878, 211, 422, undefined, 1493684953259
Booster, Armed, 1302.119999999998, 32.98932120000025, -106.97302880000126, 212, 424, 636, 0.08479999999999971, 0.12720000000000048, 0.011448000000000024, 848, 1060, 1272, 213088, 211876, 212, 424, undefined, 1493684953290
Sustainer, Armed, 1300.211999999995, 32.98932120000025, -106.97302880000126, 212, 424, 636, 0.08479999999999971, 0.12720000000000048, 0.011448000000000024, 848, 1060, 1272, 213876, 212876, 212, 424, undefined, 1493684953290
Booster, Armed, 1302.129999999998, 32.98932130000025, -106.97302870000127, 213, 426, 639, 0.0851999999999997, 0.12780000000000047, 0.011502000000000024, 852, 1065, 1278, 214087, 212874, 213, 426, undefined, 1493684953321
Sustainer, Armed, 1300.212999999995, 32.98932130000025, -106.97302870000127, 213, 426, 639, 0.0851999999999997, 0.12780000000000047, 0.011502000000000024, 852, 1065, 1278, 214874, 213874, 213, 426, undefined, 1493684953321
Booster, Armed, 1302.139999999998, 32.98932140000025, -106.97302860000127, 214, 428, 642, 0.0855999999999997, 0.12840000000000046, 0.011556000000000025, 856, 1070, 1284, 215086, 213872, 214, 428, undefined, 1493684953353
Sustainer, Armed, 1300.213999999995, 32.98932140000025, -106.97302860000127, 214, 428, 642, 0.0855999999999997, 0.12840000000000046, 0.011556000000000025, 856, 1070, 1284, 215872, 214872, 214, 428, undefined, 1493684953353
Booster, Armed, 1302.149999999998, 32.98932150000025, -106.97302850000128, 215, 430, 645, 0.0859999999999997, 0.12900000000000045, 0.011610000000000025, 860, 1075, 1290, 216085, 214870, 215, 430, undefined, 1493684953373
Sustainer, Armed, 1300.214999999995, 32.98932150000025, -106.97302850000128, 215, 430, 645, 0.0859999999999997, 0.12900000000000045, 0.011610000000000025, 860, 1075, 1290, 216870, 215870, 215, 430, undefined, 1493684953373
Booster, Armed, 1302.159999999998, 32.98932160000025, -106.97302840000128, 216, 432, 648, 0.0863999999999997, 0.12960000000000044, 0.011664000000000025, 864, 1080, 1296, 217084, 215868, 216, 432, undefined, 1493684953404
Sustainer, Armed, 1300.215999999995, 32.98932160000025, -106.97302840000128, 216, 432, 648, 0.0863999999999997, 0.12960000000000044, 0.011664000000000025, 864, 1080, 1296, 217868, 216868, 216, 432, undefined, 1493684953404
Booster, Armed, 1302.169999999998, 32.989321700000254, -106.97302830000129, 217, 434, 651, 0.0867999999999997, 0.13020000000000043, 0.011718000000000025, 868, 1085, 1302, 218083, 216866, 217, 434, undefined, 1493684953436
Sustainer, Armed, 1300.2169999999949, 32.989321700000254, -106.97302830000129, 217, 434, 651, 0.0867999999999997, 0.13020000000000043, 0.011718000000000025, 868, 1085, 1302, 218866, 217866, 217, 434, undefined, 1493684953436
Booster, Armed, 1302.179999999998, 32.989321800000255, -106.9730282000013, 218, 436, 654, 0.0871999999999997, 0.13080000000000042, 0.011772000000000025, 872, 1090, 1308, 219082, 217864, 218, 436, undefined, 1493684953456
Sustainer, Armed, 1300.2179999999948, 32.989321800000255, -106.9730282000013, 218, 436, 654, 0.0871999999999997, 0.13080000000000042, 0.011772000000000025, 872, 1090, 1308, 219864, 218864, 218, 436, undefined, 1493684953456
Booster, Armed, 1302.189999999998, 32.989321900000256, -106.9730281000013, 219, 438, 657, 0.08759999999999969, 0.1314000000000004, 0.011826000000000026, 876, 1095, 1314, 220081, 218862, 219, 438, undefined, 1493684953490
Sustainer, Armed, 1300.2189999999948, 32.989321900000256, -106.9730281000013, 219, 438, 657, 0.08759999999999969, 0.1314000000000004, 0.011826000000000026, 876, 1095, 1314, 220862, 219862, 219, 438, undefined, 1493684953490
Booster, Armed, 1302.199999999998, 32.98932200000026, -106.9730280000013, 220, 440, 660, 0.08799999999999969, 0.1320000000000004, 0.011880000000000026, 880, 1100, 1320, 221080, 219860, 220, 440, undefined, 1493684953521
Sustainer, Armed, 1300.2199999999948, 32.98932200000026, -106.9730280000013, 220, 440, 660, 0.08799999999999969, 0.1320000000000004, 0.011880000000000026, 880, 1100, 1320, 221860, 220860, 220, 440, undefined, 1493684953521
Booster, Armed, 1302.209999999998, 32.98932210000026, -106.97302790000131, 221, 442, 663, 0.08839999999999969, 0.13260000000000038, 0.011934000000000026, 884, 1105, 1326, 222079, 220858, 221, 442, undefined, 1493684953552
Sustainer, Armed, 1300.2209999999948, 32.98932210000026, -106.97302790000131, 221, 442, 663, 0.08839999999999969, 0.13260000000000038, 0.011934000000000026, 884, 1105, 1326, 222858, 221858, 221, 442, undefined, 1493684953552
Booster, Armed, 1302.219999999998, 32.98932220000026, -106.97302780000132, 222, 444, 666, 0.08879999999999968, 0.13320000000000037, 0.011988000000000026, 888, 1110, 1332, 223078, 221856, 222, 444, undefined, 1493684953588
Sustainer, Armed, 1300.2219999999948, 32.98932220000026, -106.97302780000132, 222, 444, 666, 0.08879999999999968, 0.13320000000000037, 0.011988000000000026, 888, 1110, 1332, 223856, 222856, 222, 444, undefined, 1493684953588
Booster, Armed, 1302.229999999998, 32.98932230000026, -106.97302770000132, 223, 446, 669, 0.08919999999999968, 0.13380000000000036, 0.012042000000000027, 892, 1115, 1338, 224077, 222854, 223, 446, undefined, 1493684953619
Sustainer, Armed, 1300.2229999999947, 32.98932230000026, -106.97302770000132, 223, 446, 669, 0.08919999999999968, 0.13380000000000036, 0.012042000000000027, 892, 1115, 1338, 224854, 223854, 223, 446, undefined, 1493684953619
Booster, Armed, 1302.239999999998, 32.98932240000026, -106.97302760000133, 224, 448, 672, 0.08959999999999968, 0.13440000000000035, 0.012096000000000027, 896, 1120, 1344, 225076, 223852, 224, 448, undefined, 1493684953639
Sustainer, Armed, 1300.2239999999947, 32.98932240000026, -106.97302760000133, 224, 448, 672, 0.08959999999999968, 0.13440000000000035, 0.012096000000000027, 896, 1120, 1344, 225852, 224852, 224, 448, undefined, 1493684953639
Booster, Armed, 1302.249999999998, 32.98932250000026, -106.97302750000134, 225, 450, 675, 0.08999999999999968, 0.13500000000000034, 0.012150000000000027, 900, 1125, 1350, 226075, 224850, 225, 450, undefined, 1493684953659
Sustainer, Armed, 1300.2249999999947, 32.98932250000026, -106.97302750000134, 225, 450, 675, 0.08999999999999968, 0.13500000000000034, 0.012150000000000027, 900, 1125, 1350, 226850, 225850, 225, 450, undefined, 1493684953659
Booster, Armed, 1302.259999999998, 32.989322600000264, -106.97302740000134, 226, 452, 678, 0.09039999999999968, 0.13560000000000033, 0.012204000000000027, 904, 1130, 1356, 227074, 225848, 226, 452, undefined, 1493684953680
Sustainer, Armed, 1300.2259999999947, 32.989322600000264, -106.97302740000134, 226, 452, 678, 0.09039999999999968, 0.13560000000000033, 0.012204000000000027, 904, 1130, 1356, 227848, 226848, 226, 452, undefined, 1493684953680
Booster, Armed, 1302.269999999998, 32.989322700000265, -106.97302730000135, 227, 454, 681, 0.09079999999999967, 0.13620000000000032, 0.012258000000000028, 908, 1135, 1362, 228073, 226846, 227, 454, undefined, 1493684953705
Sustainer, Armed, 1300.2269999999946, 32.989322700000265, -106.97302730000135, 227, 454, 681, 0.09079999999999967, 0.13620000000000032, 0.012258000000000028, 908, 1135, 1362, 228846, 227846, 227, 454, undefined, 1493684953705
Booster, Armed, 1302.279999999998, 32.98932280000027, -106.97302720000135, 228, 456, 684, 0.09119999999999967, 0.1368000000000003, 0.012312000000000028, 912, 1140, 1368, 229072, 227844, 228, 456, undefined, 1493684953726
Sustainer, Armed, 1300.2279999999946, 32.98932280000027, -106.97302720000135, 228, 456, 684, 0.09119999999999967, 0.1368000000000003, 0.012312000000000028, 912, 1140, 1368, 229844, 228844, 228, 456, undefined, 1493684953726
Booster, Armed, 1302.289999999998, 32.98932290000027, -106.97302710000136, 229, 458, 687, 0.09159999999999967, 0.1374000000000003, 0.012366000000000028, 916, 1145, 1374, 230071, 228842, 229, 458, undefined, 1493684953755
Sustainer, Armed, 1300.2289999999946, 32.98932290000027, -106.97302710000136, 229, 458, 687, 0.09159999999999967, 0.1374000000000003, 0.012366000000000028, 916, 1145, 1374, 230842, 229842, 229, 458, undefined, 1493684953755
Booster, Armed, 1302.299999999998, 32.98932300000027, -106.97302700000137, 230, 460, 690, 0.09199999999999967, 0.1380000000000003, 0.012420000000000028, 920, 1150, 1380, 231070, 229840, 230, 460, undefined, 1493684953776
Sustainer, Armed, 1300.2299999999946, 32.98932300000027, -106.97302700000137, 230, 460, 690, 0.09199999999999967, 0.1380000000000003, 0.012420000000000028, 920, 1150, 1380, 231840, 230840, 230, 460, undefined, 1493684953776
Booster, Armed, 1302.309999999998, 32.98932310000027, -106.97302690000137, 231, 462, 693, 0.09239999999999966, 0.13860000000000028, 0.012474000000000028, 924, 1155, 1386, 232069, 230838, 231, 462, undefined, 1493684953807
Sustainer, Armed, 1300.2309999999945, 32.98932310000027, -106.97302690000137, 231, 462, 693, 0.09239999999999966, 0.13860000000000028, 0.012474000000000028, 924, 1155, 1386, 232838, 231838, 231, 462, undefined, 1493684953807
Booster, Armed, 1302.319999999998, 32.98932320000027, -106.97302680000138, 232, 464, 696, 0.09279999999999966, 0.13920000000000027, 0.012528000000000029, 928, 1160, 1392, 233068, 231836, 232, 464, undefined, 1493684953838
Sustainer, Armed, 1300.2319999999945, 32.98932320000027, -106.97302680000138, 232, 464, 696, 0.09279999999999966, 0.13920000000000027, 0.012528000000000029, 928, 1160, 1392, 233836, 232836, 232, 464, undefined, 1493684953838
Booster, Armed, 1302.3299999999979, 32.98932330000027, -106.97302670000138, 233, 466, 699, 0.09319999999999966, 0.13980000000000026, 0.012582000000000029, 932, 1165, 1398, 234067, 232834, 233, 466, undefined, 1493684953870
Sustainer, Armed, 1300.2329999999945, 32.98932330000027, -106.97302670000138, 233, 466, 699, 0.09319999999999966, 0.13980000000000026, 0.012582000000000029, 932, 1165, 1398, 234834, 233834, 233, 466, undefined, 1493684953870
Booster, Armed, 1302.3399999999979, 32.98932340000027, -106.97302660000139, 234, 468, 702, 0.09359999999999966, 0.14040000000000025, 0.01263600000000003, 936, 1170, 1404, 235066, 233832, 234, 468, undefined, 1493684953890
Sustainer, Armed, 1300.2339999999945, 32.98932340000027, -106.97302660000139, 234, 468, 702, 0.09359999999999966, 0.14040000000000025, 0.01263600000000003, 936, 1170, 1404, 235832, 234832, 234, 468, undefined, 1493684953890
Booster, Armed, 1302.3499999999979, 32.989323500000275, -106.9730265000014, 235, 470, 705, 0.09399999999999965, 0.14100000000000024, 0.01269000000000003, 940, 1175, 1410, 236065, 234830, 235, 470, undefined, 1493684953922
Sustainer, Armed, 1300.2349999999944, 32.989323500000275, -106.9730265000014, 235, 470, 705, 0.09399999999999965, 0.14100000000000024, 0.01269000000000003, 940, 1175, 1410, 236830, 235830, 235, 470, undefined, 1493684953922
Booster, Armed, 1302.3599999999979, 32.989323600000276, -106.9730264000014, 236, 472, 708, 0.09439999999999965, 0.14160000000000023, 0.01274400000000003, 944, 1180, 1416, 237064, 235828, 236, 472, undefined, 1493684953953
Sustainer, Armed, 1300.2359999999944, 32.989323600000276, -106.9730264000014, 236, 472, 708, 0.09439999999999965, 0.14160000000000023, 0.01274400000000003, 944, 1180, 1416, 237828, 236828, 236, 472, undefined, 1493684953953
Booster, Armed, 1302.3699999999978, 32.98932370000028, -106.97302630000141, 237, 474, 711, 0.09479999999999965, 0.14220000000000022, 0.01279800000000003, 948, 1185, 1422, 238063, 236826, 237, 474, undefined, 1493684953984
Sustainer, Armed, 1300.2369999999944, 32.98932370000028, -106.97302630000141, 237, 474, 711, 0.09479999999999965, 0.14220000000000022, 0.01279800000000003, 948, 1185, 1422, 238826, 237826, 237, 474, undefined, 1493684953984
Booster, Armed, 1302.3799999999978, 32.98932380000028, -106.97302620000141, 238, 476, 714, 0.09519999999999965, 0.1428000000000002, 0.01285200000000003, 952, 1190, 1428, 239062, 237824, 238, 476, undefined, 1493684954020
Sustainer, Armed, 1300.2379999999944, 32.98932380000028, -106.97302620000141, 238, 476, 714, 0.09519999999999965, 0.1428000000000002, 0.01285200000000003, 952, 1190, 1428, 239824, 238824, 238, 476, undefined, 1493684954020
Booster, Armed, 1302.3899999999978, 32.98932390000028, -106.97302610000142, 239, 478, 717, 0.09559999999999964, 0.1434000000000002, 0.01290600000000003, 956, 1195, 1434, 240061, 238822, 239, 478, undefined, 1493684954051
Sustainer, Armed, 1300.2389999999943, 32.98932390000028, -106.97302610000142, 239, 478, 717, 0.09559999999999964, 0.1434000000000002, 0.01290600000000003, 956, 1195, 1434, 240822, 239822, 239, 478, undefined, 1493684954051
Booster, Armed, 1302.3999999999978, 32.98932400000028, -106.97302600000143, 240, 480, 720, 0.09599999999999964, 0.14400000000000018, 0.01296000000000003, 960, 1200, 1440, 241060, 239820, 240, 480, undefined, 1493684954082
Sustainer, Armed, 1300.2399999999943, 32.98932400000028, -106.97302600000143, 240, 480, 720, 0.09599999999999964, 0.14400000000000018, 0.01296000000000003, 960, 1200, 1440, 241820, 240820, 240, 480, undefined, 1493684954082
Booster, Armed, 1302.4099999999978, 32.98932410000028, -106.97302590000143, 241, 482, 723, 0.09639999999999964, 0.14460000000000017, 0.01301400000000003, 964, 1205, 1446, 242059, 240818, 241, 482, undefined, 1493684954114
Sustainer, Armed, 1300.2409999999943, 32.98932410000028, -106.97302590000143, 241, 482, 723, 0.09639999999999964, 0.14460000000000017, 0.01301400000000003, 964, 1205, 1446, 242818, 241818, 241, 482, undefined, 1493684954114
Booster, Armed, 1302.4199999999978, 32.98932420000028, -106.97302580000144, 242, 484, 726, 0.09679999999999964, 0.14520000000000016, 0.013068000000000031, 968, 1210, 1452, 243058, 241816, 242, 484, undefined, 1493684954135
Sustainer, Armed, 1300.2419999999943, 32.98932420000028, -106.97302580000144, 242, 484, 726, 0.09679999999999964, 0.14520000000000016, 0.013068000000000031, 968, 1210, 1452, 243816, 242816, 242, 484, undefined, 1493684954135
Booster, Armed, 1302.4299999999978, 32.989324300000284, -106.97302570000144, 243, 486, 729, 0.09719999999999963, 0.14580000000000015, 0.013122000000000031, 972, 1215, 1458, 244057, 242814, 243, 486, undefined, 1493684954155
Sustainer, Armed, 1300.2429999999943, 32.989324300000284, -106.97302570000144, 243, 486, 729, 0.09719999999999963, 0.14580000000000015, 0.013122000000000031, 972, 1215, 1458, 244814, 243814, 243, 486, undefined, 1493684954155
Booster, Armed, 1302.4399999999978, 32.989324400000285, -106.97302560000145, 244, 488, 732, 0.09759999999999963, 0.14640000000000014, 0.013176000000000031, 976, 1220, 1464, 245056, 243812, 244, 488, undefined, 1493684954175
Sustainer, Armed, 1300.2439999999942, 32.989324400000285, -106.97302560000145, 244, 488, 732, 0.09759999999999963, 0.14640000000000014, 0.013176000000000031, 976, 1220, 1464, 245812, 244812, 244, 488, undefined, 1493684954175
Booster, Armed, 1302.4499999999978, 32.989324500000286, -106.97302550000146, 245, 490, 735, 0.09799999999999963, 0.14700000000000013, 0.013230000000000032, 980, 1225, 1470, 246055, 244810, 245, 490, undefined, 1493684954198
Sustainer, Armed, 1300.2449999999942, 32.989324500000286, -106.97302550000146, 245, 490, 735, 0.09799999999999963, 0.14700000000000013, 0.013230000000000032, 980, 1225, 1470, 246810, 245810, 245, 490, undefined, 1493684954198
Booster, Armed, 1302.4599999999978, 32.98932460000029, -106.97302540000146, 246, 492, 738, 0.09839999999999963, 0.14760000000000012, 0.013284000000000032, 984, 1230, 1476, 247054, 245808, 246, 492, undefined, 1493684954229
Sustainer, Armed, 1300.2459999999942, 32.98932460000029, -106.97302540000146, 246, 492, 738, 0.09839999999999963, 0.14760000000000012, 0.013284000000000032, 984, 1230, 1476, 247808, 246808, 246, 492, undefined, 1493684954229
Booster, Armed, 1302.4699999999978, 32.98932470000029, -106.97302530000147, 247, 494, 741, 0.09879999999999962, 0.1482000000000001, 0.013338000000000032, 988, 1235, 1482, 248053, 246806, 247, 494, undefined, 1493684954249
Sustainer, Armed, 1300.2469999999942, 32.98932470000029, -106.97302530000147, 247, 494, 741, 0.09879999999999962, 0.1482000000000001, 0.013338000000000032, 988, 1235, 1482, 248806, 247806, 247, 494, undefined, 1493684954249
Booster, Armed, 1302.4799999999977, 32.98932480000029, -106.97302520000147, 248, 496, 744, 0.09919999999999962, 0.1488000000000001, 0.013392000000000032, 992, 1240, 1488, 249052, 247804, 248, 496, undefined, 1493684954281
Sustainer, Armed, 1300.2479999999941, 32.98932480000029, -106.97302520000147, 248, 496, 744, 0.09919999999999962, 0.1488000000000001, 0.013392000000000032, 992, 1240, 1488, 249804, 248804, 248, 496, undefined, 1493684954281
Booster, Armed, 1302.4899999999977, 32.98932490000029, -106.97302510000148, 249, 498, 747, 0.09959999999999962, 0.1494000000000001, 0.013446000000000033, 996, 1245, 1494, 250051, 248802, 249, 498, undefined, 1493684954312
Sustainer, Armed, 1300.248999999994, 32.98932490000029, -106.97302510000148, 249, 498, 747, 0.09959999999999962, 0.1494000000000001, 0.013446000000000033, 996, 1245, 1494, 250802, 249802, 249, 498, undefined, 1493684954312
Booster, Armed, 1302.4999999999977, 32.98932500000029, -106.97302500000148, 250, 500, 750, 0.09999999999999962, 0.15000000000000008, 0.013500000000000033, 1000, 1250, 1500, 251050, 249800, 250, 500, undefined, 1493684954343
Sustainer, Armed, 1300.249999999994, 32.98932500000029, -106.97302500000148, 250, 500, 750, 0.09999999999999962, 0.15000000000000008, 0.013500000000000033, 1000, 1250, 1500, 251800, 250800, 250, 500, undefined, 1493684954343
Booster, Armed, 1302.5099999999977, 32.98932510000029, -106.97302490000149, 251, 502, 753, 0.10039999999999961, 0.15060000000000007, 0.013554000000000033, 1004, 1255, 1506, 252049, 250798, 251, 502, undefined, 1493684954364
Sustainer, Armed, 1300.250999999994, 32.98932510000029, -106.97302490000149, 251, 502, 753, 0.10039999999999961, 0.15060000000000007, 0.013554000000000033, 1004, 1255, 1506, 252798, 251798, 251, 502, undefined, 1493684954364
Booster, Armed, 1302.5199999999977, 32.989325200000295, -106.9730248000015, 252, 504, 756, 0.10079999999999961, 0.15120000000000006, 0.013608000000000033, 1008, 1260, 1512, 253048, 251796, 252, 504, undefined, 1493684954396
Sustainer, Armed, 1300.251999999994, 32.989325200000295, -106.9730248000015, 252, 504, 756, 0.10079999999999961, 0.15120000000000006, 0.013608000000000033, 1008, 1260, 1512, 253796, 252796, 252, 504, undefined, 1493684954396
Booster, Armed, 1302.5299999999977, 32.989325300000296, -106.9730247000015, 253, 506, 759, 0.10119999999999961, 0.15180000000000005, 0.013662000000000033, 1012, 1265, 1518, 254047, 252794, 253, 506, undefined, 1493684954427
Sustainer, Armed, 1300.252999999994, 32.989325300000296, -106.9730247000015, 253, 506, 759, 0.10119999999999961, 0.15180000000000005, 0.013662000000000033, 1012, 1265, 1518, 254794, 253794, 253, 506, undefined, 1493684954427
Booster, Armed, 1302.5399999999977, 32.9893254000003, -106.97302460000151, 254, 508, 762, 0.10159999999999961, 0.15240000000000004, 0.013716000000000034, 1016, 1270, 1524, 255046, 253792, 254, 508, undefined, 1493684954447
Sustainer, Armed, 1300.253999999994, 32.9893254000003, -106.97302460000151, 254, 508, 762, 0.10159999999999961, 0.15240000000000004, 0.013716000000000034, 1016, 1270, 1524, 255792, 254792, 254, 508, undefined, 1493684954447
Booster, Armed, 1302.5499999999977, 32.9893255000003, -106.97302450000151, 255, 510, 765, 0.1019999999999996, 0.15300000000000002, 0.013770000000000034, 1020, 1275, 1530, 256045, 254790, 255, 510, undefined, 1493684954468
Sustainer, Armed, 1300.254999999994, 32.9893255000003, -106.97302450000151, 255, 510, 765, 0.1019999999999996, 0.15300000000000002, 0.013770000000000034, 1020, 1275, 1530, 256790, 255790, 255, 510, undefined, 1493684954468
Booster, Armed, 1302.5599999999977, 32.9893256000003, -106.97302440000152, 256, 512, 768, 0.1023999999999996, 0.15360000000000001, 0.013824000000000034, 1024, 1280, 1536, 257044, 255788, 256, 512, undefined, 1493684954498
Sustainer, Armed, 1300.255999999994, 32.9893256000003, -106.97302440000152, 256, 512, 768, 0.1023999999999996, 0.15360000000000001, 0.013824000000000034, 1024, 1280, 1536, 257788, 256788, 256, 512, undefined, 1493684954498
Booster, Armed, 1302.5699999999977, 32.9893257000003, -106.97302430000153, 257, 514, 771, 0.1027999999999996, 0.1542, 0.013878000000000034, 1028, 1285, 1542, 258043, 256786, 257, 514, undefined, 1493684954529
Sustainer, Armed, 1300.256999999994, 32.9893257000003, -106.97302430000153, 257, 514, 771, 0.1027999999999996, 0.1542, 0.013878000000000034, 1028, 1285, 1542, 258786, 257786, 257, 514, undefined, 1493684954529
Booster, Armed, 1302.5799999999977, 32.9893258000003, -106.97302420000153, 258, 516, 774, 0.1031999999999996, 0.1548, 0.013932000000000035, 1032, 1290, 1548, 259042, 257784, 258, 516, undefined, 1493684954549
Sustainer, Armed, 1300.257999999994, 32.9893258000003, -106.97302420000153, 258, 516, 774, 0.1031999999999996, 0.1548, 0.013932000000000035, 1032, 1290, 1548, 259784, 258784, 258, 516, undefined, 1493684954549
Booster, Armed, 1302.5899999999976, 32.9893259000003, -106.97302410000154, 259, 518, 777, 0.1035999999999996, 0.15539999999999998, 0.013986000000000035, 1036, 1295, 1554, 260041, 258782, 259, 518, undefined, 1493684954582
Sustainer, Armed, 1300.2589999999939, 32.9893259000003, -106.97302410000154, 259, 518, 777, 0.1035999999999996, 0.15539999999999998, 0.013986000000000035, 1036, 1295, 1554, 260782, 259782, 259, 518, undefined, 1493684954582
Booster, Armed, 1302.5999999999976, 32.989326000000304, -106.97302400000154, 260, 520, 780, 0.10399999999999959, 0.15599999999999997, 0.014040000000000035, 1040, 1300, 1560, 261040, 259780, 260, 520, undefined, 1493684954613
Sustainer, Armed, 1300.2599999999939, 32.989326000000304, -106.97302400000154, 260, 520, 780, 0.10399999999999959, 0.15599999999999997, 0.014040000000000035, 1040, 1300, 1560, 261780, 260780, 260, 520, undefined, 1493684954613
Booster, Armed, 1302.6099999999976, 32.989326100000305, -106.97302390000155, 261, 522, 783, 0.10439999999999959, 0.15659999999999996, 0.014094000000000035, 1044, 1305, 1566, 262039, 260778, 261, 522, undefined, 1493684954640
Sustainer, Armed, 1300.2609999999938, 32.989326100000305, -106.97302390000155, 261, 522, 783, 0.10439999999999959, 0.15659999999999996, 0.014094000000000035, 1044, 1305, 1566, 262778, 261778, 261, 522, undefined, 1493684954640
Booster, Armed, 1302.6199999999976, 32.989326200000306, -106.97302380000156, 262, 524, 786, 0.10479999999999959, 0.15719999999999995, 0.014148000000000036, 1048, 1310, 1572, 263038, 261776, 262, 524, undefined, 1493684954660
Sustainer, Armed, 1300.2619999999938, 32.989326200000306, -106.97302380000156, 262, 524, 786, 0.10479999999999959, 0.15719999999999995, 0.014148000000000036, 1048, 1310, 1572, 263776, 262776, 262, 524, undefined, 1493684954660
Booster, Armed, 1302.6299999999976, 32.98932630000031, -106.97302370000156, 263, 526, 789, 0.10519999999999959, 0.15779999999999994, 0.014202000000000036, 1052, 1315, 1578, 264037, 262774, 263, 526, undefined, 1493684954680
Sustainer, Armed, 1300.2629999999938, 32.98932630000031, -106.97302370000156, 263, 526, 789, 0.10519999999999959, 0.15779999999999994, 0.014202000000000036, 1052, 1315, 1578, 264774, 263774, 263, 526, undefined, 1493684954680
Booster, Armed, 1302.6399999999976, 32.98932640000031, -106.97302360000157, 264, 528, 792, 0.10559999999999958, 0.15839999999999993, 0.014256000000000036, 1056, 1320, 1584, 265036, 263772, 264, 528, undefined, 1493684954700
Sustainer, Armed, 1300.2639999999938, 32.98932640000031, -106.97302360000157, 264, 528, 792, 0.10559999999999958, 0.15839999999999993, 0.014256000000000036, 1056, 1320, 1584, 265772, 264772, 264, 528, undefined, 1493684954700
Booster, Armed, 1302.6499999999976, 32.98932650000031, -106.97302350000157, 265, 530, 795, 0.10599999999999958, 0.15899999999999992, 0.014310000000000036, 1060, 1325, 1590, 266035, 264770, 265, 530, undefined, 1493684954720
Sustainer, Armed, 1300.2649999999937, 32.98932650000031, -106.97302350000157, 265, 530, 795, 0.10599999999999958, 0.15899999999999992, 0.014310000000000036, 1060, 1325, 1590, 266770, 265770, 265, 530, undefined, 1493684954720
Booster, Armed, 1302.6599999999976, 32.98932660000031, -106.97302340000158, 266, 532, 798, 0.10639999999999958, 0.1595999999999999, 0.014364000000000036, 1064, 1330, 1596, 267034, 265768, 266, 532, undefined, 1493684954740
Sustainer, Armed, 1300.2659999999937, 32.98932660000031, -106.97302340000158, 266, 532, 798, 0.10639999999999958, 0.1595999999999999, 0.014364000000000036, 1064, 1330, 1596, 267768, 266768, 266, 532, undefined, 1493684954740
Booster, Armed, 1302.6699999999976, 32.98932670000031, -106.97302330000159, 267, 534, 801, 0.10679999999999958, 0.1601999999999999, 0.014418000000000037, 1068, 1335, 1602, 268033, 266766, 267, 534, undefined, 1493684954760
Sustainer, Armed, 1300.2669999999937, 32.98932670000031, -106.97302330000159, 267, 534, 801, 0.10679999999999958, 0.1601999999999999, 0.014418000000000037, 1068, 1335, 1602, 268766, 267766, 267, 534, undefined, 1493684954760
Booster, Armed, 1302.6799999999976, 32.98932680000031, -106.97302320000159, 268, 536, 804, 0.10719999999999957, 0.1607999999999999, 0.014472000000000037, 1072, 1340, 1608, 269032, 267764, 268, 536, undefined, 1493684963537
Sustainer, Armed, 1300.2679999999937, 32.98932680000031, -106.97302320000159, 268, 536, 804, 0.10719999999999957, 0.1607999999999999, 0.014472000000000037, 1072, 1340, 1608, 269764, 268764, 268, 536, undefined, 1493684963537
Booster, Armed, 1302.6899999999976, 32.989326900000314, -106.9730231000016, 269, 538, 807, 0.10759999999999957, 0.16139999999999988, 0.014526000000000037, 1076, 1345, 1614, 270031, 268762, 269, 538, undefined, 1493684963558
Sustainer, Armed, 1300.2689999999936, 32.989326900000314, -106.9730231000016, 269, 538, 807, 0.10759999999999957, 0.16139999999999988, 0.014526000000000037, 1076, 1345, 1614, 270762, 269762, 269, 538, undefined, 1493684963558
Booster, Armed, 1302.6999999999975, 32.989327000000316, -106.9730230000016, 270, 540, 810, 0.10799999999999957, 0.16199999999999987, 0.014580000000000037, 1080, 1350, 1620, 271030, 269760, 270, 540, undefined, 1493684963577
Sustainer, Armed, 1300.2699999999936, 32.989327000000316, -106.9730230000016, 270, 540, 810, 0.10799999999999957, 0.16199999999999987, 0.014580000000000037, 1080, 1350, 1620, 271760, 270760, 270, 540, undefined, 1493684963577
Booster, Armed, 1302.7099999999975, 32.98932710000032, -106.97302290000161, 271, 542, 813, 0.10839999999999957, 0.16259999999999986, 0.014634000000000038, 1084, 1355, 1626, 272029, 270758, 271, 542, undefined, 1493684963597
Sustainer, Armed, 1300.2709999999936, 32.98932710000032, -106.97302290000161, 271, 542, 813, 0.10839999999999957, 0.16259999999999986, 0.014634000000000038, 1084, 1355, 1626, 272758, 271758, 271, 542, undefined, 1493684963597
Booster, Armed, 1302.7199999999975, 32.98932720000032, -106.97302280000162, 272, 544, 816, 0.10879999999999956, 0.16319999999999985, 0.014688000000000038, 1088, 1360, 1632, 273028, 271756, 272, 544, undefined, 1493684963618
Sustainer, Armed, 1300.2719999999936, 32.98932720000032, -106.97302280000162, 272, 544, 816, 0.10879999999999956, 0.16319999999999985, 0.014688000000000038, 1088, 1360, 1632, 273756, 272756, 272, 544, undefined, 1493684963618
Booster, Armed, 1302.7299999999975, 32.98932730000032, -106.97302270000162, 273, 546, 819, 0.10919999999999956, 0.16379999999999983, 0.014742000000000038, 1092, 1365, 1638, 274027, 272754, 273, 546, undefined, 1493684963638
Sustainer, Armed, 1300.2729999999935, 32.98932730000032, -106.97302270000162, 273, 546, 819, 0.10919999999999956, 0.16379999999999983, 0.014742000000000038, 1092, 1365, 1638, 274754, 273754, 273, 546, undefined, 1493684963638
Booster, Armed, 1302.7399999999975, 32.98932740000032, -106.97302260000163, 274, 548, 822, 0.10959999999999956, 0.16439999999999982, 0.014796000000000038, 1096, 1370, 1644, 275026, 273752, 274, 548, undefined, 1493684963658
Sustainer, Armed, 1300.2739999999935, 32.98932740000032, -106.97302260000163, 274, 548, 822, 0.10959999999999956, 0.16439999999999982, 0.014796000000000038, 1096, 1370, 1644, 275752, 274752, 274, 548, undefined, 1493684963658
Booster, Armed, 1302.7499999999975, 32.98932750000032, -106.97302250000163, 275, 550, 825, 0.10999999999999956, 0.1649999999999998, 0.014850000000000039, 1100, 1375, 1650, 276025, 274750, 275, 550, undefined, 1493684963678
Sustainer, Armed, 1300.2749999999935, 32.98932750000032, -106.97302250000163, 275, 550, 825, 0.10999999999999956, 0.1649999999999998, 0.014850000000000039, 1100, 1375, 1650, 276750, 275750, 275, 550, undefined, 1493684963678
Booster, Armed, 1302.7599999999975, 32.98932760000032, -106.97302240000164, 276, 552, 828, 0.11039999999999955, 0.1655999999999998, 0.014904000000000039, 1104, 1380, 1656, 277024, 275748, 276, 552, undefined, 1493684963699
Sustainer, Armed, 1300.2759999999935, 32.98932760000032, -106.97302240000164, 276, 552, 828, 0.11039999999999955, 0.1655999999999998, 0.014904000000000039, 1104, 1380, 1656, 277748, 276748, 276, 552, undefined, 1493684963699
Booster, Armed, 1302.7699999999975, 32.989327700000324, -106.97302230000165, 277, 554, 831, 0.11079999999999955, 0.1661999999999998, 0.014958000000000039, 1108, 1385, 1662, 278023, 276746, 277, 554, undefined, 1493684963719
Sustainer, Armed, 1300.2769999999934, 32.989327700000324, -106.97302230000165, 277, 554, 831, 0.11079999999999955, 0.1661999999999998, 0.014958000000000039, 1108, 1385, 1662, 278746, 277746, 277, 554, undefined, 1493684963719
Booster, Armed, 1302.7799999999975, 32.989327800000325, -106.97302220000165, 278, 556, 834, 0.11119999999999955, 0.16679999999999978, 0.01501200000000004, 1112, 1390, 1668, 279022, 277744, 278, 556, undefined, 1493684963740
Sustainer, Armed, 1300.2779999999934, 32.989327800000325, -106.97302220000165, 278, 556, 834, 0.11119999999999955, 0.16679999999999978, 0.01501200000000004, 1112, 1390, 1668, 279744, 278744, 278, 556, undefined, 1493684963740
Booster, Armed, 1302.7899999999975, 32.989327900000326, -106.97302210000166, 279, 558, 837, 0.11159999999999955, 0.16739999999999977, 0.01506600000000004, 1116, 1395, 1674, 280021, 278742, 279, 558, undefined, 1493684963761
Sustainer, Armed, 1300.2789999999934, 32.989327900000326, -106.97302210000166, 279, 558, 837, 0.11159999999999955, 0.16739999999999977, 0.01506600000000004, 1116, 1395, 1674, 280742, 279742, 279, 558, undefined, 1493684963761
Booster, Armed, 1302.7999999999975, 32.98932800000033, -106.97302200000166, 280, 560, 840, 0.11199999999999954, 0.16799999999999976, 0.01512000000000004, 1120, 1400, 1680, 281020, 279740, 280, 560, undefined, 1493684963781
Sustainer, Armed, 1300.2799999999934, 32.98932800000033, -106.97302200000166, 280, 560, 840, 0.11199999999999954, 0.16799999999999976, 0.01512000000000004, 1120, 1400, 1680, 281740, 280740, 280, 560, undefined, 1493684963781
Booster, Armed, 1302.8099999999974, 32.98932810000033, -106.97302190000167, 281, 562, 843, 0.11239999999999954, 0.16859999999999975, 0.01517400000000004, 1124, 1405, 1686, 282019, 280738, 281, 562, undefined, 1493684963801
Sustainer, Armed, 1300.2809999999934, 32.98932810000033, -106.97302190000167, 281, 562, 843, 0.11239999999999954, 0.16859999999999975, 0.01517400000000004, 1124, 1405, 1686, 282738, 281738, 281, 562, undefined, 1493684963801
Booster, Armed, 1302.8199999999974, 32.98932820000033, -106.97302180000167, 282, 564, 846, 0.11279999999999954, 0.16919999999999974, 0.01522800000000004, 1128, 1410, 1692, 283018, 281736, 282, 564, undefined, 1493684963821
Sustainer, Armed, 1300.2819999999933, 32.98932820000033, -106.97302180000167, 282, 564, 846, 0.11279999999999954, 0.16919999999999974, 0.01522800000000004, 1128, 1410, 1692, 283736, 282736, 282, 564, undefined, 1493684963821
Booster, Armed, 1302.8299999999974, 32.98932830000033, -106.97302170000168, 283, 566, 849, 0.11319999999999954, 0.16979999999999973, 0.01528200000000004, 1132, 1415, 1698, 284017, 282734, 283, 566, undefined, 1493684963841
Sustainer, Armed, 1300.2829999999933, 32.98932830000033, -106.97302170000168, 283, 566, 849, 0.11319999999999954, 0.16979999999999973, 0.01528200000000004, 1132, 1415, 1698, 284734, 283734, 283, 566, undefined, 1493684963841
Booster, Armed, 1302.8399999999974, 32.98932840000033, -106.97302160000169, 284, 568, 852, 0.11359999999999953, 0.17039999999999972, 0.01533600000000004, 1136, 1420, 1704, 285016, 283732, 284, 568, undefined, 1493684963861
Sustainer, Armed, 1300.2839999999933, 32.98932840000033, -106.97302160000169, 284, 568, 852, 0.11359999999999953, 0.17039999999999972, 0.01533600000000004, 1136, 1420, 1704, 285732, 284732, 284, 568, undefined, 1493684963861
Booster, Armed, 1302.8499999999974, 32.98932850000033, -106.97302150000169, 285, 570, 855, 0.11399999999999953, 0.1709999999999997, 0.01539000000000004, 1140, 1425, 1710, 286015, 284730, 285, 570, undefined, 1493684963881
Sustainer, Armed, 1300.2849999999933, 32.98932850000033, -106.97302150000169, 285, 570, 855, 0.11399999999999953, 0.1709999999999997, 0.01539000000000004, 1140, 1425, 1710, 286730, 285730, 285, 570, undefined, 1493684963881
Booster, Armed, 1302.8599999999974, 32.989328600000334, -106.9730214000017, 286, 572, 858, 0.11439999999999953, 0.1715999999999997, 0.015444000000000041, 1144, 1430, 1716, 287014, 285728, 286, 572, undefined, 1493684963901
Sustainer, Armed, 1300.2859999999932, 32.989328600000334, -106.9730214000017, 286, 572, 858, 0.11439999999999953, 0.1715999999999997, 0.015444000000000041, 1144, 1430, 1716, 287728, 286728, 286, 572, undefined, 1493684963901
Booster, Armed, 1302.8699999999974, 32.989328700000335, -106.9730213000017, 287, 574, 861, 0.11479999999999953, 0.1721999999999997, 0.015498000000000041, 1148, 1435, 1722, 288013, 286726, 287, 574, undefined, 1493684963922
Sustainer, Armed, 1300.2869999999932, 32.989328700000335, -106.9730213000017, 287, 574, 861, 0.11479999999999953, 0.1721999999999997, 0.015498000000000041, 1148, 1435, 1722, 288726, 287726, 287, 574, undefined, 1493684963922
Booster, Armed, 1302.8799999999974, 32.98932880000034, -106.97302120000171, 288, 576, 864, 0.11519999999999953, 0.17279999999999968, 0.015552000000000041, 1152, 1440, 1728, 289012, 287724, 288, 576, undefined, 1493684963942
Sustainer, Armed, 1300.2879999999932, 32.98932880000034, -106.97302120000171, 288, 576, 864, 0.11519999999999953, 0.17279999999999968, 0.015552000000000041, 1152, 1440, 1728, 289724, 288724, 288, 576, undefined, 1493684963942
Booster, Armed, 1302.8899999999974, 32.98932890000034, -106.97302110000172, 289, 578, 867, 0.11559999999999952, 0.17339999999999967, 0.015606000000000042, 1156, 1445, 1734, 290011, 288722, 289, 578, undefined, 1493684963963
Sustainer, Armed, 1300.2889999999932, 32.98932890000034, -106.97302110000172, 289, 578, 867, 0.11559999999999952, 0.17339999999999967, 0.015606000000000042, 1156, 1445, 1734, 290722, 289722, 289, 578, undefined, 1493684963963
Booster, Armed, 1302.8999999999974, 32.98932900000034, -106.97302100000172, 290, 580, 870, 0.11599999999999952, 0.17399999999999965, 0.015660000000000042, 1160, 1450, 1740, 291010, 289720, 290, 580, undefined, 1493684963983
Sustainer, Armed, 1300.2899999999931, 32.98932900000034, -106.97302100000172, 290, 580, 870, 0.11599999999999952, 0.17399999999999965, 0.015660000000000042, 1160, 1450, 1740, 291720, 290720, 290, 580, undefined, 1493684963983
Booster, Armed, 1302.9099999999974, 32.98932910000034, -106.97302090000173, 291, 582, 873, 0.11639999999999952, 0.17459999999999964, 0.01571400000000004, 1164, 1455, 1746, 292009, 290718, 291, 582, undefined, 1493684964003
Sustainer, Armed, 1300.2909999999931, 32.98932910000034, -106.97302090000173, 291, 582, 873, 0.11639999999999952, 0.17459999999999964, 0.01571400000000004, 1164, 1455, 1746, 292718, 291718, 291, 582, undefined, 1493684964003
Booster, Armed, 1302.9199999999973, 32.98932920000034, -106.97302080000173, 292, 584, 876, 0.11679999999999952, 0.17519999999999963, 0.01576800000000004, 1168, 1460, 1752, 293008, 291716, 292, 584, undefined, 1493684964023
Sustainer, Armed, 1300.291999999993, 32.98932920000034, -106.97302080000173, 292, 584, 876, 0.11679999999999952, 0.17519999999999963, 0.01576800000000004, 1168, 1460, 1752, 293716, 292716, 292, 584, undefined, 1493684964023
Booster, Armed, 1302.9299999999973, 32.98932930000034, -106.97302070000174, 293, 586, 879, 0.11719999999999951, 0.17579999999999962, 0.015822000000000037, 1172, 1465, 1758, 294007, 292714, 293, 586, undefined, 1493684964044
Sustainer, Armed, 1300.292999999993, 32.98932930000034, -106.97302070000174, 293, 586, 879, 0.11719999999999951, 0.17579999999999962, 0.015822000000000037, 1172, 1465, 1758, 294714, 293714, 293, 586, undefined, 1493684964044
Booster, Armed, 1302.9399999999973, 32.989329400000344, -106.97302060000175, 294, 588, 882, 0.11759999999999951, 0.1763999999999996, 0.015876000000000036, 1176, 1470, 1764, 295006, 293712, 294, 588, undefined, 1493684964065
Sustainer, Armed, 1300.293999999993, 32.989329400000344, -106.97302060000175, 294, 588, 882, 0.11759999999999951, 0.1763999999999996, 0.015876000000000036, 1176, 1470, 1764, 295712, 294712, 294, 588, undefined, 1493684964065
Booster, Armed, 1302.9499999999973, 32.989329500000345, -106.97302050000175, 295, 590, 885, 0.11799999999999951, 0.1769999999999996, 0.015930000000000034, 1180, 1475, 1770, 296005, 294710, 295, 590, undefined, 1493684964086
Sustainer, Armed, 1300.294999999993, 32.989329500000345, -106.97302050000175, 295, 590, 885, 0.11799999999999951, 0.1769999999999996, 0.015930000000000034, 1180, 1475, 1770, 296710, 295710, 295, 590, undefined, 1493684964086
Booster, Armed, 1302.9599999999973, 32.989329600000346, -106.97302040000176, 296, 592, 888, 0.1183999999999995, 0.1775999999999996, 0.015984000000000033, 1184, 1480, 1776, 297004, 295708, 296, 592, undefined, 1493684964106
Sustainer, Armed, 1300.295999999993, 32.989329600000346, -106.97302040000176, 296, 592, 888, 0.1183999999999995, 0.1775999999999996, 0.015984000000000033, 1184, 1480, 1776, 297708, 296708, 296, 592, undefined, 1493684964106
Booster, Armed, 1302.9699999999973, 32.98932970000035, -106.97302030000176, 297, 594, 891, 0.1187999999999995, 0.17819999999999958, 0.01603800000000003, 1188, 1485, 1782, 298003, 296706, 297, 594, undefined, 1493684964126
Sustainer, Armed, 1300.296999999993, 32.98932970000035, -106.97302030000176, 297, 594, 891, 0.1187999999999995, 0.17819999999999958, 0.01603800000000003, 1188, 1485, 1782, 298706, 297706, 297, 594, undefined, 1493684964126
Booster, Armed, 1302.9799999999973, 32.98932980000035, -106.97302020000177, 298, 596, 894, 0.1191999999999995, 0.17879999999999957, 0.01609200000000003, 1192, 1490, 1788, 299002, 297704, 298, 596, undefined, 1493684964147
Sustainer, Armed, 1300.297999999993, 32.98932980000035, -106.97302020000177, 298, 596, 894, 0.1191999999999995, 0.17879999999999957, 0.01609200000000003, 1192, 1490, 1788, 299704, 298704, 298, 596, undefined, 1493684964149
Booster, Armed, 1302.9899999999973, 32.98932990000035, -106.97302010000178, 299, 598, 897, 0.1195999999999995, 0.17939999999999956, 0.01614600000000003, 1196, 1495, 1794, 300001, 298702, 299, 598, undefined, 1493684964170
Sustainer, Armed, 1300.298999999993, 32.98932990000035, -106.97302010000178, 299, 598, 897, 0.1195999999999995, 0.17939999999999956, 0.01614600000000003, 1196, 1495, 1794, 300702, 299702, 299, 598, undefined, 1493684964170
Booster, Armed, 1302.9999999999973, 32.98933000000035, -106.97302000000178, 300, 600, 900, 0.1199999999999995, 0.17999999999999955, 0.016200000000000027, 1200, 1500, 1800, 301000, 299700, 300, 600, undefined, 1493684964190
Sustainer, Armed, 1300.299999999993, 32.98933000000035, -106.97302000000178, 300, 600, 900, 0.1199999999999995, 0.17999999999999955, 0.016200000000000027, 1200, 1500, 1800, 301700, 300700, 300, 600, undefined, 1493684964190
Booster, Armed, 1303.0099999999973, 32.98933010000035, -106.97301990000179, 301, 602, 903, 0.1203999999999995, 0.18059999999999954, 0.016254000000000025, 1204, 1505, 1806, 301999, 300698, 301, 602, undefined, 1493684964210
Sustainer, Armed, 1300.3009999999929, 32.98933010000035, -106.97301990000179, 301, 602, 903, 0.1203999999999995, 0.18059999999999954, 0.016254000000000025, 1204, 1505, 1806, 302698, 301698, 301, 602, undefined, 1493684964210
Booster, Armed, 1303.0199999999973, 32.98933020000035, -106.9730198000018, 302, 604, 906, 0.12079999999999949, 0.18119999999999953, 0.016308000000000024, 1208, 1510, 1812, 302998, 301696, 302, 604, undefined, 1493684964231
Sustainer, Armed, 1300.3019999999929, 32.98933020000035, -106.9730198000018, 302, 604, 906, 0.12079999999999949, 0.18119999999999953, 0.016308000000000024, 1208, 1510, 1812, 303696, 302696, 302, 604, undefined, 1493684964231
Booster, Armed, 1303.0299999999972, 32.989330300000354, -106.9730197000018, 303, 606, 909, 0.12119999999999949, 0.18179999999999952, 0.016362000000000022, 1212, 1515, 1818, 303997, 302694, 303, 606, undefined, 1493684964251
Sustainer, Armed, 1300.3029999999928, 32.989330300000354, -106.9730197000018, 303, 606, 909, 0.12119999999999949, 0.18179999999999952, 0.016362000000000022, 1212, 1515, 1818, 304694, 303694, 303, 606, undefined, 1493684964251
Booster, Armed, 1303.0399999999972, 32.989330400000355, -106.9730196000018, 304, 608, 912, 0.12159999999999949, 0.1823999999999995, 0.01641600000000002, 1216, 1520, 1824, 304996, 303692, 304, 608, undefined, 1493684964272
Sustainer, Armed, 1300.3039999999928, 32.989330400000355, -106.9730196000018, 304, 608, 912, 0.12159999999999949, 0.1823999999999995, 0.01641600000000002, 1216, 1520, 1824, 305692, 304692, 304, 608, undefined, 1493684964272
Booster, Armed, 1303.0499999999972, 32.98933050000036, -106.97301950000181, 305, 610, 915, 0.12199999999999948, 0.1829999999999995, 0.01647000000000002, 1220, 1525, 1830, 305995, 304690, 305, 610, undefined, 1493684964292
Sustainer, Armed, 1300.3049999999928, 32.98933050000036, -106.97301950000181, 305, 610, 915, 0.12199999999999948, 0.1829999999999995, 0.01647000000000002, 1220, 1525, 1830, 306690, 305690, 305, 610, undefined, 1493684964292
Booster, Armed, 1303.0599999999972, 32.98933060000036, -106.97301940000182, 306, 612, 918, 0.12239999999999948, 0.18359999999999949, 0.016524000000000018, 1224, 1530, 1836, 306994, 305688, 306, 612, undefined, 1493684964312
Sustainer, Armed, 1300.3059999999928, 32.98933060000036, -106.97301940000182, 306, 612, 918, 0.12239999999999948, 0.18359999999999949, 0.016524000000000018, 1224, 1530, 1836, 307688, 306688, 306, 612, undefined, 1493684964312
Booster, Armed, 1303.0699999999972, 32.98933070000036, -106.97301930000182, 307, 614, 921, 0.12279999999999948, 0.18419999999999948, 0.016578000000000016, 1228, 1535, 1842, 307993, 306686, 307, 614, undefined, 1493684964334
Sustainer, Armed, 1300.3069999999927, 32.98933070000036, -106.97301930000182, 307, 614, 921, 0.12279999999999948, 0.18419999999999948, 0.016578000000000016, 1228, 1535, 1842, 308686, 307686, 307, 614, undefined, 1493684964334
Booster, Armed, 1303.0799999999972, 32.98933080000036, -106.97301920000183, 308, 616, 924, 0.12319999999999948, 0.18479999999999946, 0.016632000000000015, 1232, 1540, 1848, 308992, 307684, 308, 616, undefined, 1493684964354
Sustainer, Armed, 1300.3079999999927, 32.98933080000036, -106.97301920000183, 308, 616, 924, 0.12319999999999948, 0.18479999999999946, 0.016632000000000015, 1232, 1540, 1848, 309684, 308684, 308, 616, undefined, 1493684964354
Booster, Armed, 1303.0899999999972, 32.98933090000036, -106.97301910000184, 309, 618, 927, 0.12359999999999947, 0.18539999999999945, 0.016686000000000013, 1236, 1545, 1854, 309991, 308682, 309, 618, undefined, 1493684964374
Sustainer, Armed, 1300.3089999999927, 32.98933090000036, -106.97301910000184, 309, 618, 927, 0.12359999999999947, 0.18539999999999945, 0.016686000000000013, 1236, 1545, 1854, 310682, 309682, 309, 618, undefined, 1493684964374
Booster, Armed, 1303.0999999999972, 32.98933100000036, -106.97301900000184, 310, 620, 930, 0.12399999999999947, 0.18599999999999944, 0.016740000000000012, 1240, 1550, 1860, 310990, 309680, 310, 620, undefined, 1493684964395
Sustainer, Armed, 1300.3099999999927, 32.98933100000036, -106.97301900000184, 310, 620, 930, 0.12399999999999947, 0.18599999999999944, 0.016740000000000012, 1240, 1550, 1860, 311680, 310680, 310, 620, undefined, 1493684964395
Booster, Armed, 1303.1099999999972, 32.98933110000036, -106.97301890000185, 311, 622, 933, 0.12439999999999947, 0.18659999999999943, 0.01679400000000001, 1244, 1555, 1866, 311989, 310678, 311, 622, undefined, 1493684964416
Sustainer, Armed, 1300.3109999999926, 32.98933110000036, -106.97301890000185, 311, 622, 933, 0.12439999999999947, 0.18659999999999943, 0.01679400000000001, 1244, 1555, 1866, 312678, 311678, 311, 622, undefined, 1493684964416
Booster, Armed, 1303.1199999999972, 32.989331200000365, -106.97301880000185, 312, 624, 936, 0.12479999999999947, 0.18719999999999942, 0.01684800000000001, 1248, 1560, 1872, 312988, 311676, 312, 624, undefined, 1493684964437
Sustainer, Armed, 1300.3119999999926, 32.989331200000365, -106.97301880000185, 312, 624, 936, 0.12479999999999947, 0.18719999999999942, 0.01684800000000001, 1248, 1560, 1872, 313676, 312676, 312, 624, undefined, 1493684964437
Booster, Armed, 1303.1299999999972, 32.989331300000366, -106.97301870000186, 313, 626, 939, 0.12519999999999948, 0.1877999999999994, 0.016902000000000007, 1252, 1565, 1878, 313987, 312674, 313, 626, undefined, 1493684964458
Sustainer, Armed, 1300.3129999999926, 32.989331300000366, -106.97301870000186, 313, 626, 939, 0.12519999999999948, 0.1877999999999994, 0.016902000000000007, 1252, 1565, 1878, 314674, 313674, 313, 626, undefined, 1493684964458
Booster, Armed, 1303.1399999999971, 32.98933140000037, -106.97301860000186, 314, 628, 942, 0.1255999999999995, 0.1883999999999994, 0.016956000000000006, 1256, 1570, 1884, 314986, 313672, 314, 628, undefined, 1493684964480
Sustainer, Armed, 1300.3139999999926, 32.98933140000037, -106.97301860000186, 314, 628, 942, 0.1255999999999995, 0.1883999999999994, 0.016956000000000006, 1256, 1570, 1884, 315672, 314672, 314, 628, undefined, 1493684964480
Booster, Armed, 1303.1499999999971, 32.98933150000037, -106.97301850000187, 315, 630, 945, 0.1259999999999995, 0.1889999999999994, 0.017010000000000004, 1260, 1575, 1890, 315985, 314670, 315, 630, undefined, 1493684964502
Sustainer, Armed, 1300.3149999999926, 32.98933150000037, -106.97301850000187, 315, 630, 945, 0.1259999999999995, 0.1889999999999994, 0.017010000000000004, 1260, 1575, 1890, 316670, 315670, 315, 630, undefined, 1493684964502
Booster, Armed, 1303.1599999999971, 32.98933160000037, -106.97301840000188, 316, 632, 948, 0.1263999999999995, 0.18959999999999938, 0.017064000000000003, 1264, 1580, 1896, 316984, 315668, 316, 632, undefined, 1493684964523
Sustainer, Armed, 1300.3159999999925, 32.98933160000037, -106.97301840000188, 316, 632, 948, 0.1263999999999995, 0.18959999999999938, 0.017064000000000003, 1264, 1580, 1896, 317668, 316668, 316, 632, undefined, 1493684964523
Booster, Armed, 1303.1699999999971, 32.98933170000037, -106.97301830000188, 317, 634, 951, 0.12679999999999952, 0.19019999999999937, 0.017118, 1268, 1585, 1902, 317983, 316666, 317, 634, undefined, 1493684964545
Sustainer, Armed, 1300.3169999999925, 32.98933170000037, -106.97301830000188, 317, 634, 951, 0.12679999999999952, 0.19019999999999937, 0.017118, 1268, 1585, 1902, 318666, 317666, 317, 634, undefined, 1493684964545
Booster, Armed, 1303.179999999997, 32.98933180000037, -106.97301820000189, 318, 636, 954, 0.12719999999999954, 0.19079999999999936, 0.017172, 1272, 1590, 1908, 318982, 317664, 318, 636, undefined, 1493684964566
Sustainer, Armed, 1300.3179999999925, 32.98933180000037, -106.97301820000189, 318, 636, 954, 0.12719999999999954, 0.19079999999999936, 0.017172, 1272, 1590, 1908, 319664, 318664, 318, 636, undefined, 1493684964566
Booster, Armed, 1303.189999999997, 32.98933190000037, -106.9730181000019, 319, 638, 957, 0.12759999999999955, 0.19139999999999935, 0.017225999999999998, 1276, 1595, 1914, 319981, 318662, 319, 638, undefined, 1493684964587
Sustainer, Armed, 1300.3189999999925, 32.98933190000037, -106.9730181000019, 319, 638, 957, 0.12759999999999955, 0.19139999999999935, 0.017225999999999998, 1276, 1595, 1914, 320662, 319662, 319, 638, undefined, 1493684964587
Booster, Armed, 1303.199999999997, 32.989332000000374, -106.9730180000019, 320, 640, 960, 0.12799999999999956, 0.19199999999999934, 0.017279999999999997, 1280, 1600, 1920, 320980, 319660, 320, 640, undefined, 1493684964608
Sustainer, Armed, 1300.3199999999924, 32.989332000000374, -106.9730180000019, 320, 640, 960, 0.12799999999999956, 0.19199999999999934, 0.017279999999999997, 1280, 1600, 1920, 321660, 320660, 320, 640, undefined, 1493684964608
Booster, Armed, 1303.209999999997, 32.989332100000375, -106.9730179000019, 321, 642, 963, 0.12839999999999957, 0.19259999999999933, 0.017333999999999995, 1284, 1605, 1926, 321979, 320658, 321, 642, undefined, 1493684964630
Sustainer, Armed, 1300.3209999999924, 32.989332100000375, -106.9730179000019, 321, 642, 963, 0.12839999999999957, 0.19259999999999933, 0.017333999999999995, 1284, 1605, 1926, 322658, 321658, 321, 642, undefined, 1493684964630
Booster, Armed, 1303.219999999997, 32.989332200000376, -106.97301780000191, 322, 644, 966, 0.12879999999999958, 0.19319999999999932, 0.017387999999999994, 1288, 1610, 1932, 322978, 321656, 322, 644, undefined, 1493684964651
Sustainer, Armed, 1300.3219999999924, 32.989332200000376, -106.97301780000191, 322, 644, 966, 0.12879999999999958, 0.19319999999999932, 0.017387999999999994, 1288, 1610, 1932, 323656, 322656, 322, 644, undefined, 1493684964651
Booster, Armed, 1303.229999999997, 32.98933230000038, -106.97301770000192, 323, 646, 969, 0.1291999999999996, 0.1937999999999993, 0.017441999999999992, 1292, 1615, 1938, 323977, 322654, 323, 646, undefined, 1493684964672
Sustainer, Armed, 1300.3229999999924, 32.98933230000038, -106.97301770000192, 323, 646, 969, 0.1291999999999996, 0.1937999999999993, 0.017441999999999992, 1292, 1615, 1938, 324654, 323654, 323, 646, undefined, 1493684964672
Booster, Armed, 1303.239999999997, 32.98933240000038, -106.97301760000192, 324, 648, 972, 0.1295999999999996, 0.1943999999999993, 0.01749599999999999, 1296, 1620, 1944, 324976, 323652, 324, 648, undefined, 1493684964692
Sustainer, Armed, 1300.3239999999923, 32.98933240000038, -106.97301760000192, 324, 648, 972, 0.1295999999999996, 0.1943999999999993, 0.01749599999999999, 1296, 1620, 1944, 325652, 324652, 324, 648, undefined, 1493684964692
Booster, Armed, 1303.249999999997, 32.98933250000038, -106.97301750000193, 325, 650, 975, 0.12999999999999962, 0.19499999999999929, 0.01754999999999999, 1300, 1625, 1950, 325975, 324650, 325, 650, undefined, 1493684964712
Sustainer, Armed, 1300.3249999999923, 32.98933250000038, -106.97301750000193, 325, 650, 975, 0.12999999999999962, 0.19499999999999929, 0.01754999999999999, 1300, 1625, 1950, 326650, 325650, 325, 650, undefined, 1493684964712
Booster, Armed, 1303.259999999997, 32.98933260000038, -106.97301740000194, 326, 652, 978, 0.13039999999999963, 0.19559999999999927, 0.017603999999999988, 1304, 1630, 1956, 326974, 325648, 326, 652, undefined, 1493684964732
Sustainer, Armed, 1300.3259999999923, 32.98933260000038, -106.97301740000194, 326, 652, 978, 0.13039999999999963, 0.19559999999999927, 0.017603999999999988, 1304, 1630, 1956, 327648, 326648, 326, 652, undefined, 1493684964732
Booster, Armed, 1303.269999999997, 32.98933270000038, -106.97301730000194, 327, 654, 981, 0.13079999999999964, 0.19619999999999926, 0.017657999999999986, 1308, 1635, 1962, 327973, 326646, 327, 654, undefined, 1493684964752
Sustainer, Armed, 1300.3269999999923, 32.98933270000038, -106.97301730000194, 327, 654, 981, 0.13079999999999964, 0.19619999999999926, 0.017657999999999986, 1308, 1635, 1962, 328646, 327646, 327, 654, undefined, 1493684964752
Booster, Armed, 1303.279999999997, 32.98933280000038, -106.97301720000195, 328, 656, 984, 0.13119999999999965, 0.19679999999999925, 0.017711999999999985, 1312, 1640, 1968, 328972, 327644, 328, 656, undefined, 1493684964772
Sustainer, Armed, 1300.3279999999922, 32.98933280000038, -106.97301720000195, 328, 656, 984, 0.13119999999999965, 0.19679999999999925, 0.017711999999999985, 1312, 1640, 1968, 329644, 328644, 328, 656, undefined, 1493684964772
Booster, Armed, 1303.289999999997, 32.989332900000385, -106.97301710000195, 329, 658, 987, 0.13159999999999966, 0.19739999999999924, 0.017765999999999983, 1316, 1645, 1974, 329971, 328642, 329, 658, undefined, 1493684964792
Sustainer, Armed, 1300.3289999999922, 32.989332900000385, -106.97301710000195, 329, 658, 987, 0.13159999999999966, 0.19739999999999924, 0.017765999999999983, 1316, 1645, 1974, 330642, 329642, 329, 658, undefined, 1493684964792
Booster, Armed, 1303.299999999997, 32.989333000000386, -106.97301700000196, 330, 660, 990, 0.13199999999999967, 0.19799999999999923, 0.01781999999999998, 1320, 1650, 1980, 330970, 329640, 330, 660, undefined, 1493684964812
Sustainer, Armed, 1300.3299999999922, 32.989333000000386, -106.97301700000196, 330, 660, 990, 0.13199999999999967, 0.19799999999999923, 0.01781999999999998, 1320, 1650, 1980, 331640, 330640, 330, 660, undefined, 1493684964812
Booster, Armed, 1303.309999999997, 32.98933310000039, -106.97301690000197, 331, 662, 993, 0.13239999999999968, 0.19859999999999922, 0.01787399999999998, 1324, 1655, 1986, 331969, 330638, 331, 662, undefined, 1493684964832
Sustainer, Armed, 1300.3309999999922, 32.98933310000039, -106.97301690000197, 331, 662, 993, 0.13239999999999968, 0.19859999999999922, 0.01787399999999998, 1324, 1655, 1986, 332638, 331638, 331, 662, undefined, 1493684964832
Booster, Armed, 1303.319999999997, 32.98933320000039, -106.97301680000197, 332, 664, 996, 0.1327999999999997, 0.1991999999999992, 0.01792799999999998, 1328, 1660, 1992, 332968, 331636, 332, 664, undefined, 1493684964852
Sustainer, Armed, 1300.3319999999921, 32.98933320000039, -106.97301680000197, 332, 664, 996, 0.1327999999999997, 0.1991999999999992, 0.01792799999999998, 1328, 1660, 1992, 333636, 332636, 332, 664, undefined, 1493684964852
Booster, Armed, 1303.329999999997, 32.98933330000039, -106.97301670000198, 333, 666, 999, 0.1331999999999997, 0.1997999999999992, 0.017981999999999977, 1332, 1665, 1998, 333967, 332634, 333, 666, undefined, 1493684964872
Sustainer, Armed, 1300.3329999999921, 32.98933330000039, -106.97301670000198, 333, 666, 999, 0.1331999999999997, 0.1997999999999992, 0.017981999999999977, 1332, 1665, 1998, 334634, 333634, 333, 666, undefined, 1493684964872
Booster, Armed, 1303.339999999997, 32.98933340000039, -106.97301660000198, 334, 668, 1002, 0.13359999999999972, 0.2003999999999992, 0.018035999999999976, 1336, 1670, 2004, 334966, 333632, 334, 668, undefined, 1493684964892
Sustainer, Armed, 1300.333999999992, 32.98933340000039, -106.97301660000198, 334, 668, 1002, 0.13359999999999972, 0.2003999999999992, 0.018035999999999976, 1336, 1670, 2004, 335632, 334632, 334, 668, undefined, 1493684964892
Booster, Armed, 1303.349999999997, 32.98933350000039, -106.97301650000199, 335, 670, 1005, 0.13399999999999973, 0.20099999999999918, 0.018089999999999974, 1340, 1675, 2010, 335965, 334630, 335, 670, undefined, 1493684964912
Sustainer, Armed, 1300.334999999992, 32.98933350000039, -106.97301650000199, 335, 670, 1005, 0.13399999999999973, 0.20099999999999918, 0.018089999999999974, 1340, 1675, 2010, 336630, 335630, 335, 670, undefined, 1493684964912
Booster, Armed, 1303.359999999997, 32.98933360000039, -106.973016400002, 336, 672, 1008, 0.13439999999999974, 0.20159999999999917, 0.018143999999999973, 1344, 1680, 2016, 336964, 335628, 336, 672, undefined, 1493684964932
Sustainer, Armed, 1300.335999999992, 32.98933360000039, -106.973016400002, 336, 672, 1008, 0.13439999999999974, 0.20159999999999917, 0.018143999999999973, 1344, 1680, 2016, 337628, 336628, 336, 672, undefined, 1493684964932
Booster, Armed, 1303.369999999997, 32.989333700000394, -106.973016300002, 337, 674, 1011, 0.13479999999999975, 0.20219999999999916, 0.01819799999999997, 1348, 1685, 2022, 337963, 336626, 337, 674, undefined, 1493684964952
Sustainer, Armed, 1300.336999999992, 32.989333700000394, -106.973016300002, 337, 674, 1011, 0.13479999999999975, 0.20219999999999916, 0.01819799999999997, 1348, 1685, 2022, 338626, 337626, 337, 674, undefined, 1493684964952
Booster, Armed, 1303.379999999997, 32.989333800000395, -106.97301620000201, 338, 676, 1014, 0.13519999999999976, 0.20279999999999915, 0.01825199999999997, 1352, 1690, 2028, 338962, 337624, 338, 676, undefined, 1493684964972
Sustainer, Armed, 1300.337999999992, 32.989333800000395, -106.97301620000201, 338, 676, 1014, 0.13519999999999976, 0.20279999999999915, 0.01825199999999997, 1352, 1690, 2028, 339624, 338624, 338, 676, undefined, 1493684964972
Booster, Armed, 1303.389999999997, 32.989333900000396, -106.97301610000201, 339, 678, 1017, 0.13559999999999978, 0.20339999999999914, 0.018305999999999968, 1356, 1695, 2034, 339961, 338622, 339, 678, undefined, 1493684964992
Sustainer, Armed, 1300.338999999992, 32.989333900000396, -106.97301610000201, 339, 678, 1017, 0.13559999999999978, 0.20339999999999914, 0.018305999999999968, 1356, 1695, 2034, 340622, 339622, 339, 678, undefined, 1493684964992
Booster, Armed, 1303.399999999997, 32.9893340000004, -106.97301600000202, 340, 680, 1020, 0.1359999999999998, 0.20399999999999913, 0.018359999999999967, 1360, 1700, 2040, 340960, 339620, 340, 680, undefined, 1493684965012
Sustainer, Armed, 1300.339999999992, 32.9893340000004, -106.97301600000202, 340, 680, 1020, 0.1359999999999998, 0.20399999999999913, 0.018359999999999967, 1360, 1700, 2040, 341620, 340620, 340, 680, undefined, 1493684965012
Booster, Armed, 1303.409999999997, 32.9893341000004, -106.97301590000203, 341, 682, 1023, 0.1363999999999998, 0.20459999999999912, 0.018413999999999965, 1364, 1705, 2046, 341959, 340618, 341, 682, undefined, 1493684965032
Sustainer, Armed, 1300.340999999992, 32.9893341000004, -106.97301590000203, 341, 682, 1023, 0.1363999999999998, 0.20459999999999912, 0.018413999999999965, 1364, 1705, 2046, 342618, 341618, 341, 682, undefined, 1493684965032
Booster, Armed, 1303.419999999997, 32.9893342000004, -106.97301580000203, 342, 684, 1026, 0.1367999999999998, 0.2051999999999991, 0.018467999999999964, 1368, 1710, 2052, 342958, 341616, 342, 684, undefined, 1493684965052
Sustainer, Armed, 1300.341999999992, 32.9893342000004, -106.97301580000203, 342, 684, 1026, 0.1367999999999998, 0.2051999999999991, 0.018467999999999964, 1368, 1710, 2052, 343616, 342616, 342, 684, undefined, 1493684965052
Booster, Armed, 1303.4299999999969, 32.9893343000004, -106.97301570000204, 343, 686, 1029, 0.13719999999999982, 0.2057999999999991, 0.018521999999999962, 1372, 1715, 2058, 343957, 342614, 343, 686, undefined, 1493684965073
Sustainer, Armed, 1300.342999999992, 32.9893343000004, -106.97301570000204, 343, 686, 1029, 0.13719999999999982, 0.2057999999999991, 0.018521999999999962, 1372, 1715, 2058, 344614, 343614, 343, 686, undefined, 1493684965073
Booster, Armed, 1303.4399999999969, 32.9893344000004, -106.97301560000204, 344, 688, 1032, 0.13759999999999983, 0.20639999999999908, 0.01857599999999996, 1376, 1720, 2064, 344956, 343612, 344, 688, undefined, 1493684965094
Sustainer, Armed, 1300.3439999999919, 32.9893344000004, -106.97301560000204, 344, 688, 1032, 0.13759999999999983, 0.20639999999999908, 0.01857599999999996, 1376, 1720, 2064, 345612, 344612, 344, 688, undefined, 1493684965094
Booster, Armed, 1303.4499999999969, 32.9893345000004, -106.97301550000205, 345, 690, 1035, 0.13799999999999985, 0.20699999999999907, 0.01862999999999996, 1380, 1725, 2070, 345955, 344610, 345, 690, undefined, 1493684965114
Sustainer, Armed, 1300.3449999999918, 32.9893345000004, -106.97301550000205, 345, 690, 1035, 0.13799999999999985, 0.20699999999999907, 0.01862999999999996, 1380, 1725, 2070, 346610, 345610, 345, 690, undefined, 1493684965114
Booster, Armed, 1303.4599999999969, 32.989334600000404, -106.97301540000205, 346, 692, 1038, 0.13839999999999986, 0.20759999999999906, 0.018683999999999958, 1384, 1730, 2076, 346954, 345608, 346, 692, undefined, 1493684965134
Sustainer, Armed, 1300.3459999999918, 32.989334600000404, -106.97301540000205, 346, 692, 1038, 0.13839999999999986, 0.20759999999999906, 0.018683999999999958, 1384, 1730, 2076, 347608, 346608, 346, 692, undefined, 1493684965134
Booster, Armed, 1303.4699999999968, 32.989334700000406, -106.97301530000206, 347, 694, 1041, 0.13879999999999987, 0.20819999999999905, 0.018737999999999956, 1388, 1735, 2082, 347953, 346606, 347, 694, undefined, 1493684965154
Sustainer, Armed, 1300.3469999999918, 32.989334700000406, -106.97301530000206, 347, 694, 1041, 0.13879999999999987, 0.20819999999999905, 0.018737999999999956, 1388, 1735, 2082, 348606, 347606, 347, 694, undefined, 1493684965154
Booster, Armed, 1303.4799999999968, 32.98933480000041, -106.97301520000207, 348, 696, 1044, 0.13919999999999988, 0.20879999999999904, 0.018791999999999955, 1392, 1740, 2088, 348952, 347604, 348, 696, undefined, 1493684965175
Sustainer, Armed, 1300.3479999999918, 32.98933480000041, -106.97301520000207, 348, 696, 1044, 0.13919999999999988, 0.20879999999999904, 0.018791999999999955, 1392, 1740, 2088, 349604, 348604, 348, 696, undefined, 1493684965175
Booster, Armed, 1303.4899999999968, 32.98933490000041, -106.97301510000207, 349, 698, 1047, 0.1395999999999999, 0.20939999999999903, 0.018845999999999953, 1396, 1745, 2094, 349951, 348602, 349, 698, undefined, 1493684965196
Sustainer, Armed, 1300.3489999999917, 32.98933490000041, -106.97301510000207, 349, 698, 1047, 0.1395999999999999, 0.20939999999999903, 0.018845999999999953, 1396, 1745, 2094, 350602, 349602, 349, 698, undefined, 1493684965196
Booster, Armed, 1303.4999999999968, 32.98933500000041, -106.97301500000208, 350, 700, 1050, 0.1399999999999999, 0.20999999999999902, 0.01889999999999995, 1400, 1750, 2100, 350950, 349600, 350, 700, undefined, 1493684965216
Sustainer, Armed, 1300.3499999999917, 32.98933500000041, -106.97301500000208, 350, 700, 1050, 0.1399999999999999, 0.20999999999999902, 0.01889999999999995, 1400, 1750, 2100, 351600, 350600, 350, 700, undefined, 1493684965216
Booster, Armed, 1303.5099999999968, 32.98933510000041, -106.97301490000208, 351, 702, 1053, 0.1403999999999999, 0.210599999999999, 0.01895399999999995, 1404, 1755, 2106, 351949, 350598, 351, 702, undefined, 1493684965236
Sustainer, Armed, 1300.3509999999917, 32.98933510000041, -106.97301490000208, 351, 702, 1053, 0.1403999999999999, 0.210599999999999, 0.01895399999999995, 1404, 1755, 2106, 352598, 351598, 351, 702, undefined, 1493684965236
Booster, Armed, 1303.5199999999968, 32.98933520000041, -106.97301480000209, 352, 704, 1056, 0.14079999999999993, 0.211199999999999, 0.01900799999999995, 1408, 1760, 2112, 352948, 351596, 352, 704, undefined, 1493684965256
Sustainer, Armed, 1300.3519999999917, 32.98933520000041, -106.97301480000209, 352, 704, 1056, 0.14079999999999993, 0.211199999999999, 0.01900799999999995, 1408, 1760, 2112, 353596, 352596, 352, 704, undefined, 1493684965256
Booster, Armed, 1303.5299999999968, 32.98933530000041, -106.9730147000021, 353, 706, 1059, 0.14119999999999994, 0.211799999999999, 0.019061999999999947, 1412, 1765, 2118, 353947, 352594, 353, 706, undefined, 1493684965276
Sustainer, Armed, 1300.3529999999917, 32.98933530000041, -106.9730147000021, 353, 706, 1059, 0.14119999999999994, 0.211799999999999, 0.019061999999999947, 1412, 1765, 2118, 354594, 353594, 353, 706, undefined, 1493684965276
Booster, Armed, 1303.5399999999968, 32.989335400000414, -106.9730146000021, 354, 708, 1062, 0.14159999999999995, 0.21239999999999898, 0.019115999999999946, 1416, 1770, 2124, 354946, 353592, 354, 708, undefined, 1493684965296
Sustainer, Armed, 1300.3539999999916, 32.989335400000414, -106.9730146000021, 354, 708, 1062, 0.14159999999999995, 0.21239999999999898, 0.019115999999999946, 1416, 1770, 2124, 355592, 354592, 354, 708, undefined, 1493684965296
Booster, Armed, 1303.5499999999968, 32.989335500000415, -106.97301450000211, 355, 710, 1065, 0.14199999999999996, 0.21299999999999897, 0.019169999999999944, 1420, 1775, 2130, 355945, 354590, 355, 710, undefined, 1493684965316
Sustainer, Armed, 1300.3549999999916, 32.989335500000415, -106.97301450000211, 355, 710, 1065, 0.14199999999999996, 0.21299999999999897, 0.019169999999999944, 1420, 1775, 2130, 356590, 355590, 355, 710, undefined, 1493684965316
Booster, Armed, 1303.5599999999968, 32.989335600000416, -106.97301440000211, 356, 712, 1068, 0.14239999999999997, 0.21359999999999896, 0.019223999999999943, 1424, 1780, 2136, 356944, 355588, 356, 712, undefined, 1493684965336
Sustainer, Armed, 1300.3559999999916, 32.989335600000416, -106.97301440000211, 356, 712, 1068, 0.14239999999999997, 0.21359999999999896, 0.019223999999999943, 1424, 1780, 2136, 357588, 356588, 356, 712, undefined, 1493684965336
Booster, Armed, 1303.5699999999968, 32.98933570000042, -106.97301430000212, 357, 714, 1071, 0.14279999999999998, 0.21419999999999895, 0.01927799999999994, 1428, 1785, 2142, 357943, 356586, 357, 714, undefined, 1493684965356
Sustainer, Armed, 1300.3569999999916, 32.98933570000042, -106.97301430000212, 357, 714, 1071, 0.14279999999999998, 0.21419999999999895, 0.01927799999999994, 1428, 1785, 2142, 358586, 357586, 357, 714, undefined, 1493684965356
Booster, Armed, 1303.5799999999967, 32.98933580000042, -106.97301420000213, 358, 716, 1074, 0.1432, 0.21479999999999894, 0.01933199999999994, 1432, 1790, 2148, 358942, 357584, 358, 716, undefined, 1493684965376
Sustainer, Armed, 1300.3579999999915, 32.98933580000042, -106.97301420000213, 358, 716, 1074, 0.1432, 0.21479999999999894, 0.01933199999999994, 1432, 1790, 2148, 359584, 358584, 358, 716, undefined, 1493684965376
Booster, Armed, 1303.5899999999967, 32.98933590000042, -106.97301410000213, 359, 718, 1077, 0.1436, 0.21539999999999893, 0.019385999999999938, 1436, 1795, 2154, 359941, 358582, 359, 718, undefined, 1493684965397
Sustainer, Armed, 1300.3589999999915, 32.98933590000042, -106.97301410000213, 359, 718, 1077, 0.1436, 0.21539999999999893, 0.019385999999999938, 1436, 1795, 2154, 360582, 359582, 359, 718, undefined, 1493684965397
Booster, Armed, 1303.5999999999967, 32.98933600000042, -106.97301400000214, 360, 720, 1080, 0.14400000000000002, 0.21599999999999892, 0.019439999999999936, 1440, 1800, 2160, 360940, 359580, 360, 720, undefined, 1493684965417
Sustainer, Armed, 1300.3599999999915, 32.98933600000042, -106.97301400000214, 360, 720, 1080, 0.14400000000000002, 0.21599999999999892, 0.019439999999999936, 1440, 1800, 2160, 361580, 360580, 360, 720, undefined, 1493684965417
Booster, Armed, 1303.6099999999967, 32.98933610000042, -106.97301390000214, 361, 722, 1083, 0.14440000000000003, 0.2165999999999989, 0.019493999999999935, 1444, 1805, 2166, 361939, 360578, 361, 722, undefined, 1493684965437
Sustainer, Armed, 1300.3609999999915, 32.98933610000042, -106.97301390000214, 361, 722, 1083, 0.14440000000000003, 0.2165999999999989, 0.019493999999999935, 1444, 1805, 2166, 362578, 361578, 361, 722, undefined, 1493684965437
Booster, Armed, 1303.6199999999967, 32.98933620000042, -106.97301380000215, 362, 724, 1086, 0.14480000000000004, 0.2171999999999989, 0.019547999999999933, 1448, 1810, 2172, 362938, 361576, 362, 724, undefined, 1493684965457
Sustainer, Armed, 1300.3619999999914, 32.98933620000042, -106.97301380000215, 362, 724, 1086, 0.14480000000000004, 0.2171999999999989, 0.019547999999999933, 1448, 1810, 2172, 363576, 362576, 362, 724, undefined, 1493684965457
Booster, Armed, 1303.6299999999967, 32.989336300000424, -106.97301370000216, 363, 726, 1089, 0.14520000000000005, 0.21779999999999888, 0.019601999999999932, 1452, 1815, 2178, 363937, 362574, 363, 726, undefined, 1493684965477
Sustainer, Armed, 1300.3629999999914, 32.989336300000424, -106.97301370000216, 363, 726, 1089, 0.14520000000000005, 0.21779999999999888, 0.019601999999999932, 1452, 1815, 2178, 364574, 363574, 363, 726, undefined, 1493684965477
Booster, Armed, 1303.6399999999967, 32.989336400000425, -106.97301360000216, 364, 728, 1092, 0.14560000000000006, 0.21839999999999887, 0.01965599999999993, 1456, 1820, 2184, 364936, 363572, 364, 728, undefined, 1493684965498
Sustainer, Armed, 1300.3639999999914, 32.989336400000425, -106.97301360000216, 364, 728, 1092, 0.14560000000000006, 0.21839999999999887, 0.01965599999999993, 1456, 1820, 2184, 365572, 364572, 364, 728, undefined, 1493684965498
Booster, Armed, 1303.6499999999967, 32.98933650000043, -106.97301350000217, 365, 730, 1095, 0.14600000000000007, 0.21899999999999886, 0.01970999999999993, 1460, 1825, 2190, 365935, 364570, 365, 730, undefined, 1493684965519
Sustainer, Armed, 1300.3649999999914, 32.98933650000043, -106.97301350000217, 365, 730, 1095, 0.14600000000000007, 0.21899999999999886, 0.01970999999999993, 1460, 1825, 2190, 366570, 365570, 365, 730, undefined, 1493684965519
Booster, Armed, 1303.6599999999967, 32.98933660000043, -106.97301340000217, 366, 732, 1098, 0.14640000000000009, 0.21959999999999885, 0.019763999999999927, 1464, 1830, 2196, 366934, 365568, 366, 732, undefined, 1493684965540
Sustainer, Armed, 1300.3659999999913, 32.98933660000043, -106.97301340000217, 366, 732, 1098, 0.14640000000000009, 0.21959999999999885, 0.019763999999999927, 1464, 1830, 2196, 367568, 366568, 366, 732, undefined, 1493684965540
Booster, Armed, 1303.6699999999967, 32.98933670000043, -106.97301330000218, 367, 734, 1101, 0.1468000000000001, 0.22019999999999884, 0.019817999999999926, 1468, 1835, 2202, 367933, 366566, 367, 734, undefined, 1493684965560
Sustainer, Armed, 1300.3669999999913, 32.98933670000043, -106.97301330000218, 367, 734, 1101, 0.1468000000000001, 0.22019999999999884, 0.019817999999999926, 1468, 1835, 2202, 368566, 367566, 367, 734, undefined, 1493684965560
Booster, Armed, 1303.6799999999967, 32.98933680000043, -106.97301320000219, 368, 736, 1104, 0.1472000000000001, 0.22079999999999883, 0.019871999999999924, 1472, 1840, 2208, 368932, 367564, 368, 736, undefined, 1493684965580
Sustainer, Armed, 1300.3679999999913, 32.98933680000043, -106.97301320000219, 368, 736, 1104, 0.1472000000000001, 0.22079999999999883, 0.019871999999999924, 1472, 1840, 2208, 369564, 368564, 368, 736, undefined, 1493684965580
Booster, Armed, 1303.6899999999966, 32.98933690000043, -106.97301310000219, 369, 738, 1107, 0.14760000000000012, 0.22139999999999882, 0.019925999999999923, 1476, 1845, 2214, 369931, 368562, 369, 738, undefined, 1493684965600
Sustainer, Armed, 1300.3689999999913, 32.98933690000043, -106.97301310000219, 369, 738, 1107, 0.14760000000000012, 0.22139999999999882, 0.019925999999999923, 1476, 1845, 2214, 370562, 369562, 369, 738, undefined, 1493684965600
Booster, Armed, 1303.6999999999966, 32.98933700000043, -106.9730130000022, 370, 740, 1110, 0.14800000000000013, 0.2219999999999988, 0.01997999999999992, 1480, 1850, 2220, 370930, 369560, 370, 740, undefined, 1493684965621
Sustainer, Armed, 1300.3699999999913, 32.98933700000043, -106.9730130000022, 370, 740, 1110, 0.14800000000000013, 0.2219999999999988, 0.01997999999999992, 1480, 1850, 2220, 371560, 370560, 370, 740, undefined, 1493684965621
Booster, Armed, 1303.7099999999966, 32.989337100000434, -106.9730129000022, 371, 742, 1113, 0.14840000000000014, 0.2225999999999988, 0.02003399999999992, 1484, 1855, 2226, 371929, 370558, 371, 742, undefined, 1493684965641
Sustainer, Armed, 1300.3709999999912, 32.989337100000434, -106.9730129000022, 371, 742, 1113, 0.14840000000000014, 0.2225999999999988, 0.02003399999999992, 1484, 1855, 2226, 372558, 371558, 371, 742, undefined, 1493684965641
Booster, Armed, 1303.7199999999966, 32.989337200000435, -106.97301280000221, 372, 744, 1116, 0.14880000000000015, 0.2231999999999988, 0.02008799999999992, 1488, 1860, 2232, 372928, 371556, 372, 744, undefined, 1493684965662
Sustainer, Armed, 1300.3719999999912, 32.989337200000435, -106.97301280000221, 372, 744, 1116, 0.14880000000000015, 0.2231999999999988, 0.02008799999999992, 1488, 1860, 2232, 373556, 372556, 372, 744, undefined, 1493684965662
Booster, Armed, 1303.7299999999966, 32.989337300000436, -106.97301270000222, 373, 746, 1119, 0.14920000000000017, 0.22379999999999878, 0.020141999999999917, 1492, 1865, 2238, 373927, 372554, 373, 746, undefined, 1493684965683
Sustainer, Armed, 1300.3729999999912, 32.989337300000436, -106.97301270000222, 373, 746, 1119, 0.14920000000000017, 0.22379999999999878, 0.020141999999999917, 1492, 1865, 2238, 374554, 373554, 373, 746, undefined, 1493684965683
Booster, Armed, 1303.7399999999966, 32.98933740000044, -106.97301260000222, 374, 748, 1122, 0.14960000000000018, 0.22439999999999877, 0.020195999999999915, 1496, 1870, 2244, 374926, 373552, 374, 748, undefined, 1493684965703
Sustainer, Armed, 1300.3739999999912, 32.98933740000044, -106.97301260000222, 374, 748, 1122, 0.14960000000000018, 0.22439999999999877, 0.020195999999999915, 1496, 1870, 2244, 375552, 374552, 374, 748, undefined, 1493684965703
Booster, Armed, 1303.7499999999966, 32.98933750000044, -106.97301250000223, 375, 750, 1125, 0.1500000000000002, 0.22499999999999876, 0.020249999999999914, 1500, 1875, 2250, 375925, 374550, 375, 750, undefined, 1493684965723
Sustainer, Armed, 1300.3749999999911, 32.98933750000044, -106.97301250000223, 375, 750, 1125, 0.1500000000000002, 0.22499999999999876, 0.020249999999999914, 1500, 1875, 2250, 376550, 375550, 375, 750, undefined, 1493684965723
Booster, Armed, 1303.7599999999966, 32.98933760000044, -106.97301240000223, 376, 752, 1128, 0.1504000000000002, 0.22559999999999875, 0.020303999999999912, 1504, 1880, 2256, 376924, 375548, 376, 752, undefined, 1493684965743
Sustainer, Armed, 1300.375999999991, 32.98933760000044, -106.97301240000223, 376, 752, 1128, 0.1504000000000002, 0.22559999999999875, 0.020303999999999912, 1504, 1880, 2256, 377548, 376548, 376, 752, undefined, 1493684965743
Booster, Armed, 1303.7699999999966, 32.98933770000044, -106.97301230000224, 377, 754, 1131, 0.1508000000000002, 0.22619999999999874, 0.02035799999999991, 1508, 1885, 2262, 377923, 376546, 377, 754, undefined, 1493684965764
Sustainer, Armed, 1300.376999999991, 32.98933770000044, -106.97301230000224, 377, 754, 1131, 0.1508000000000002, 0.22619999999999874, 0.02035799999999991, 1508, 1885, 2262, 378546, 377546, 377, 754, undefined, 1493684965764
Booster, Armed, 1303.7799999999966, 32.98933780000044, -106.97301220000224, 378, 756, 1134, 0.15120000000000022, 0.22679999999999872, 0.02041199999999991, 1512, 1890, 2268, 378922, 377544, 378, 756, undefined, 1493684965785
Sustainer, Armed, 1300.377999999991, 32.98933780000044, -106.97301220000224, 378, 756, 1134, 0.15120000000000022, 0.22679999999999872, 0.02041199999999991, 1512, 1890, 2268, 379544, 378544, 378, 756, undefined, 1493684965785
Booster, Armed, 1303.7899999999966, 32.98933790000044, -106.97301210000225, 379, 758, 1137, 0.15160000000000023, 0.22739999999999871, 0.020465999999999908, 1516, 1895, 2274, 379921, 378542, 379, 758, undefined, 1493684965806
Sustainer, Armed, 1300.378999999991, 32.98933790000044, -106.97301210000225, 379, 758, 1137, 0.15160000000000023, 0.22739999999999871, 0.020465999999999908, 1516, 1895, 2274, 380542, 379542, 379, 758, undefined, 1493684965806
Booster, Armed, 1303.7999999999965, 32.989338000000444, -106.97301200000226, 380, 760, 1140, 0.15200000000000025, 0.2279999999999987, 0.020519999999999906, 1520, 1900, 2280, 380920, 379540, 380, 760, undefined, 1493684965828
Sustainer, Armed, 1300.379999999991, 32.989338000000444, -106.97301200000226, 380, 760, 1140, 0.15200000000000025, 0.2279999999999987, 0.020519999999999906, 1520, 1900, 2280, 381540, 380540, 380, 760, undefined, 1493684965828
Booster, Armed, 1303.8099999999965, 32.989338100000445, -106.97301190000226, 381, 762, 1143, 0.15240000000000026, 0.2285999999999987, 0.020573999999999905, 1524, 1905, 2286, 381919, 380538, 381, 762, undefined, 1493684965850
Sustainer, Armed, 1300.380999999991, 32.989338100000445, -106.97301190000226, 381, 762, 1143, 0.15240000000000026, 0.2285999999999987, 0.020573999999999905, 1524, 1905, 2286, 382538, 381538, 381, 762, undefined, 1493684965850
Booster, Armed, 1303.8199999999965, 32.98933820000045, -106.97301180000227, 382, 764, 1146, 0.15280000000000027, 0.22919999999999868, 0.020627999999999903, 1528, 1910, 2292, 382918, 381536, 382, 764, undefined, 1493684965871
Sustainer, Armed, 1300.381999999991, 32.98933820000045, -106.97301180000227, 382, 764, 1146, 0.15280000000000027, 0.22919999999999868, 0.020627999999999903, 1528, 1910, 2292, 383536, 382536, 382, 764, undefined, 1493684965871
Booster, Armed, 1303.8299999999965, 32.98933830000045, -106.97301170000227, 383, 766, 1149, 0.15320000000000028, 0.22979999999999867, 0.020681999999999902, 1532, 1915, 2298, 383917, 382534, 383, 766, undefined, 1493684965893
Sustainer, Armed, 1300.382999999991, 32.98933830000045, -106.97301170000227, 383, 766, 1149, 0.15320000000000028, 0.22979999999999867, 0.020681999999999902, 1532, 1915, 2298, 384534, 383534, 383, 766, undefined, 1493684965893
Booster, Armed, 1303.8399999999965, 32.98933840000045, -106.97301160000228, 384, 768, 1152, 0.1536000000000003, 0.23039999999999866, 0.0207359999999999, 1536, 1920, 2304, 384916, 383532, 384, 768, undefined, 1493684965915
Sustainer, Armed, 1300.383999999991, 32.98933840000045, -106.97301160000228, 384, 768, 1152, 0.1536000000000003, 0.23039999999999866, 0.0207359999999999, 1536, 1920, 2304, 385532, 384532, 384, 768, undefined, 1493684965915
Booster, Armed, 1303.8499999999965, 32.98933850000045, -106.97301150000229, 385, 770, 1155, 0.1540000000000003, 0.23099999999999865, 0.0207899999999999, 1540, 1925, 2310, 385915, 384530, 385, 770, undefined, 1493684965936
Sustainer, Armed, 1300.384999999991, 32.98933850000045, -106.97301150000229, 385, 770, 1155, 0.1540000000000003, 0.23099999999999865, 0.0207899999999999, 1540, 1925, 2310, 386530, 385530, 385, 770, undefined, 1493684965936
Booster, Armed, 1303.8599999999965, 32.98933860000045, -106.97301140000229, 386, 772, 1158, 0.15440000000000031, 0.23159999999999864, 0.020843999999999897, 1544, 1930, 2316, 386914, 385528, 386, 772, undefined, 1493684965957
Sustainer, Armed, 1300.3859999999909, 32.98933860000045, -106.97301140000229, 386, 772, 1158, 0.15440000000000031, 0.23159999999999864, 0.020843999999999897, 1544, 1930, 2316, 387528, 386528, 386, 772, undefined, 1493684965957
Booster, Armed, 1303.8699999999965, 32.98933870000045, -106.9730113000023, 387, 774, 1161, 0.15480000000000033, 0.23219999999999863, 0.020897999999999896, 1548, 1935, 2322, 387913, 386526, 387, 774, undefined, 1493684965979
Sustainer, Armed, 1300.3869999999908, 32.98933870000045, -106.9730113000023, 387, 774, 1161, 0.15480000000000033, 0.23219999999999863, 0.020897999999999896, 1548, 1935, 2322, 388526, 387526, 387, 774, undefined, 1493684965979
Booster, Armed, 1303.8799999999965, 32.98933880000045, -106.9730112000023, 388, 776, 1164, 0.15520000000000034, 0.23279999999999862, 0.020951999999999894, 1552, 1940, 2328, 388912, 387524, 388, 776, undefined, 1493684966000
Sustainer, Armed, 1300.3879999999908, 32.98933880000045, -106.9730112000023, 388, 776, 1164, 0.15520000000000034, 0.23279999999999862, 0.020951999999999894, 1552, 1940, 2328, 389524, 388524, 388, 776, undefined, 1493684966000
Booster, Armed, 1303.8899999999965, 32.989338900000455, -106.97301110000231, 389, 778, 1167, 0.15560000000000035, 0.2333999999999986, 0.021005999999999893, 1556, 1945, 2334, 389911, 388522, 389, 778, undefined, 1493684966021
Sustainer, Armed, 1300.3889999999908, 32.989338900000455, -106.97301110000231, 389, 778, 1167, 0.15560000000000035, 0.2333999999999986, 0.021005999999999893, 1556, 1945, 2334, 390522, 389522, 389, 778, undefined, 1493684966021
Booster, Armed, 1303.8999999999965, 32.989339000000456, -106.97301100000232, 390, 780, 1170, 0.15600000000000036, 0.2339999999999986, 0.02105999999999989, 1560, 1950, 2340, 390910, 389520, 390, 780, undefined, 1493684966042
Sustainer, Armed, 1300.3899999999908, 32.989339000000456, -106.97301100000232, 390, 780, 1170, 0.15600000000000036, 0.2339999999999986, 0.02105999999999989, 1560, 1950, 2340, 391520, 390520, 390, 780, undefined, 1493684966042
Booster, Armed, 1303.9099999999964, 32.98933910000046, -106.97301090000232, 391, 782, 1173, 0.15640000000000037, 0.2345999999999986, 0.02111399999999989, 1564, 1955, 2346, 391909, 390518, 391, 782, undefined, 1493684966062
Sustainer, Armed, 1300.3909999999908, 32.98933910000046, -106.97301090000232, 391, 782, 1173, 0.15640000000000037, 0.2345999999999986, 0.02111399999999989, 1564, 1955, 2346, 392518, 391518, 391, 782, undefined, 1493684966062
Booster, Armed, 1303.9199999999964, 32.98933920000046, -106.97301080000233, 392, 784, 1176, 0.15680000000000038, 0.23519999999999858, 0.02116799999999989, 1568, 1960, 2352, 392908, 391516, 392, 784, undefined, 1493684966082
Sustainer, Armed, 1300.3919999999907, 32.98933920000046, -106.97301080000233, 392, 784, 1176, 0.15680000000000038, 0.23519999999999858, 0.02116799999999989, 1568, 1960, 2352, 393516, 392516, 392, 784, undefined, 1493684966082
Booster, Armed, 1303.9299999999964, 32.98933930000046, -106.97301070000233, 393, 786, 1179, 0.1572000000000004, 0.23579999999999857, 0.021221999999999887, 1572, 1965, 2358, 393907, 392514, 393, 786, undefined, 1493684966102
Sustainer, Armed, 1300.3929999999907, 32.98933930000046, -106.97301070000233, 393, 786, 1179, 0.1572000000000004, 0.23579999999999857, 0.021221999999999887, 1572, 1965, 2358, 394514, 393514, 393, 786, undefined, 1493684966102
Booster, Armed, 1303.9399999999964, 32.98933940000046, -106.97301060000234, 394, 788, 1182, 0.1576000000000004, 0.23639999999999856, 0.021275999999999885, 1576, 1970, 2364, 394906, 393512, 394, 788, undefined, 1493684966122
Sustainer, Armed, 1300.3939999999907, 32.98933940000046, -106.97301060000234, 394, 788, 1182, 0.1576000000000004, 0.23639999999999856, 0.021275999999999885, 1576, 1970, 2364, 395512, 394512, 394, 788, undefined, 1493684966122
Booster, Armed, 1303.9499999999964, 32.98933950000046, -106.97301050000235, 395, 790, 1185, 0.15800000000000042, 0.23699999999999855, 0.021329999999999884, 1580, 1975, 2370, 395905, 394510, 395, 790, undefined, 1493684966144
Sustainer, Armed, 1300.3949999999907, 32.98933950000046, -106.97301050000235, 395, 790, 1185, 0.15800000000000042, 0.23699999999999855, 0.021329999999999884, 1580, 1975, 2370, 396510, 395510, 395, 790, undefined, 1493684966144
Booster, Armed, 1303.9599999999964, 32.98933960000046, -106.97301040000235, 396, 792, 1188, 0.15840000000000043, 0.23759999999999853, 0.021383999999999882, 1584, 1980, 2376, 396904, 395508, 396, 792, undefined, 1493684966165
Sustainer, Armed, 1300.3959999999906, 32.98933960000046, -106.97301040000235, 396, 792, 1188, 0.15840000000000043, 0.23759999999999853, 0.021383999999999882, 1584, 1980, 2376, 397508, 396508, 396, 792, undefined, 1493684966165
Booster, Armed, 1303.9699999999964, 32.989339700000464, -106.97301030000236, 397, 794, 1191, 0.15880000000000044, 0.23819999999999852, 0.02143799999999988, 1588, 1985, 2382, 397903, 396506, 397, 794, undefined, 1493684966185
Sustainer, Armed, 1300.3969999999906, 32.989339700000464, -106.97301030000236, 397, 794, 1191, 0.15880000000000044, 0.23819999999999852, 0.02143799999999988, 1588, 1985, 2382, 398506, 397506, 397, 794, undefined, 1493684966185
Booster, Armed, 1303.9799999999964, 32.989339800000465, -106.97301020000236, 398, 796, 1194, 0.15920000000000045, 0.2387999999999985, 0.02149199999999988, 1592, 1990, 2388, 398902, 397504, 398, 796, undefined, 1493684966205
Sustainer, Armed, 1300.3979999999906, 32.989339800000465, -106.97301020000236, 398, 796, 1194, 0.15920000000000045, 0.2387999999999985, 0.02149199999999988, 1592, 1990, 2388, 399504, 398504, 398, 796, undefined, 1493684966205
Booster, Armed, 1303.9899999999964, 32.989339900000466, -106.97301010000237, 399, 798, 1197, 0.15960000000000046, 0.2393999999999985, 0.021545999999999878, 1596, 1995, 2394, 399901, 398502, 399, 798, undefined, 1493684966225
Sustainer, Armed, 1300.3989999999906, 32.989339900000466, -106.97301010000237, 399, 798, 1197, 0.15960000000000046, 0.2393999999999985, 0.021545999999999878, 1596, 1995, 2394, 400502, 399502, 399, 798, undefined, 1493684966225
Booster, Armed, 1303.9999999999964, 32.98934000000047, -106.97301000000238, 400, 800, 1200, 0.16000000000000048, 0.2399999999999985, 0.021599999999999876, 1600, 2000, 2400, 400900, 399500, 400, 800, undefined, 1493684966245
Sustainer, Armed, 1300.3999999999905, 32.98934000000047, -106.97301000000238, 400, 800, 1200, 0.16000000000000048, 0.2399999999999985, 0.021599999999999876, 1600, 2000, 2400, 401500, 400500, 400, 800, undefined, 1493684966245
Booster, Armed, 1304.0099999999964, 32.98934010000047, -106.97300990000238, 401, 802, 1203, 0.1604000000000005, 0.24059999999999848, 0.021653999999999875, 1604, 2005, 2406, 401899, 400498, 401, 802, undefined, 1493684966265
Sustainer, Armed, 1300.4009999999905, 32.98934010000047, -106.97300990000238, 401, 802, 1203, 0.1604000000000005, 0.24059999999999848, 0.021653999999999875, 1604, 2005, 2406, 402498, 401498, 401, 802, undefined, 1493684966265
Booster, Armed, 1304.0199999999963, 32.98934020000047, -106.97300980000239, 402, 804, 1206, 0.1608000000000005, 0.24119999999999847, 0.021707999999999873, 1608, 2010, 2412, 402898, 401496, 402, 804, undefined, 1493684966285
Sustainer, Armed, 1300.4019999999905, 32.98934020000047, -106.97300980000239, 402, 804, 1206, 0.1608000000000005, 0.24119999999999847, 0.021707999999999873, 1608, 2010, 2412, 403496, 402496, 402, 804, undefined, 1493684966285
Booster, Armed, 1304.0299999999963, 32.98934030000047, -106.9730097000024, 403, 806, 1209, 0.1612000000000005, 0.24179999999999846, 0.02176199999999987, 1612, 2015, 2418, 403897, 402494, 403, 806, undefined, 1493684966305
Sustainer, Armed, 1300.4029999999905, 32.98934030000047, -106.9730097000024, 403, 806, 1209, 0.1612000000000005, 0.24179999999999846, 0.02176199999999987, 1612, 2015, 2418, 404494, 403494, 403, 806, undefined, 1493684966305
Booster, Armed, 1304.0399999999963, 32.98934040000047, -106.9730096000024, 404, 808, 1212, 0.16160000000000052, 0.24239999999999845, 0.02181599999999987, 1616, 2020, 2424, 404896, 403492, 404, 808, undefined, 1493684966325
Sustainer, Armed, 1300.4039999999904, 32.98934040000047, -106.9730096000024, 404, 808, 1212, 0.16160000000000052, 0.24239999999999845, 0.02181599999999987, 1616, 2020, 2424, 405492, 404492, 404, 808, undefined, 1493684966325
Booster, Armed, 1304.0499999999963, 32.98934050000047, -106.9730095000024, 405, 810, 1215, 0.16200000000000053, 0.24299999999999844, 0.02186999999999987, 1620, 2025, 2430, 405895, 404490, 405, 810, undefined, 1493684966345
Sustainer, Armed, 1300.4049999999904, 32.98934050000047, -106.9730095000024, 405, 810, 1215, 0.16200000000000053, 0.24299999999999844, 0.02186999999999987, 1620, 2025, 2430, 406490, 405490, 405, 810, undefined, 1493684966345
Booster, Armed, 1304.0599999999963, 32.989340600000475, -106.97300940000241, 406, 812, 1218, 0.16240000000000054, 0.24359999999999843, 0.021923999999999867, 1624, 2030, 2436, 406894, 405488, 406, 812, undefined, 1493684966365
Sustainer, Armed, 1300.4059999999904, 32.989340600000475, -106.97300940000241, 406, 812, 1218, 0.16240000000000054, 0.24359999999999843, 0.021923999999999867, 1624, 2030, 2436, 407488, 406488, 406, 812, undefined, 1493684966365
Booster, Armed, 1304.0699999999963, 32.989340700000476, -106.97300930000242, 407, 814, 1221, 0.16280000000000056, 0.24419999999999842, 0.021977999999999866, 1628, 2035, 2442, 407893, 406486, 407, 814, undefined, 1493684966385
Sustainer, Armed, 1300.4069999999904, 32.989340700000476, -106.97300930000242, 407, 814, 1221, 0.16280000000000056, 0.24419999999999842, 0.021977999999999866, 1628, 2035, 2442, 408486, 407486, 407, 814, undefined, 1493684966385
Booster, Armed, 1304.0799999999963, 32.98934080000048, -106.97300920000242, 408, 816, 1224, 0.16320000000000057, 0.2447999999999984, 0.022031999999999864, 1632, 2040, 2448, 408892, 407484, 408, 816, undefined, 1493684966405
Sustainer, Armed, 1300.4079999999904, 32.98934080000048, -106.97300920000242, 408, 816, 1224, 0.16320000000000057, 0.2447999999999984, 0.022031999999999864, 1632, 2040, 2448, 409484, 408484, 408, 816, undefined, 1493684966405
Booster, Armed, 1304.0899999999963, 32.98934090000048, -106.97300910000243, 409, 818, 1227, 0.16360000000000058, 0.2453999999999984, 0.022085999999999863, 1636, 2045, 2454, 409891, 408482, 409, 818, undefined, 1493684966425
Sustainer, Armed, 1300.4089999999903, 32.98934090000048, -106.97300910000243, 409, 818, 1227, 0.16360000000000058, 0.2453999999999984, 0.022085999999999863, 1636, 2045, 2454, 410482, 409482, 409, 818, undefined, 1493684966425
Booster, Armed, 1304.0999999999963, 32.98934100000048, -106.97300900000243, 410, 820, 1230, 0.1640000000000006, 0.2459999999999984, 0.02213999999999986, 1640, 2050, 2460, 410890, 409480, 410, 820, undefined, 1493684966445
Sustainer, Armed, 1300.4099999999903, 32.98934100000048, -106.97300900000243, 410, 820, 1230, 0.1640000000000006, 0.2459999999999984, 0.02213999999999986, 1640, 2050, 2460, 411480, 410480, 410, 820, undefined, 1493684966445
Booster, Armed, 1304.1099999999963, 32.98934110000048, -106.97300890000244, 411, 822, 1233, 0.1644000000000006, 0.24659999999999838, 0.02219399999999986, 1644, 2055, 2466, 411889, 410478, 411, 822, undefined, 1493684966465
Sustainer, Armed, 1300.4109999999903, 32.98934110000048, -106.97300890000244, 411, 822, 1233, 0.1644000000000006, 0.24659999999999838, 0.02219399999999986, 1644, 2055, 2466, 412478, 411478, 411, 822, undefined, 1493684966465
Booster, Armed, 1304.1199999999963, 32.98934120000048, -106.97300880000245, 412, 824, 1236, 0.1648000000000006, 0.24719999999999837, 0.022247999999999858, 1648, 2060, 2472, 412888, 411476, 412, 824, undefined, 1493684966485
Sustainer, Armed, 1300.4119999999903, 32.98934120000048, -106.97300880000245, 412, 824, 1236, 0.1648000000000006, 0.24719999999999837, 0.022247999999999858, 1648, 2060, 2472, 413476, 412476, 412, 824, undefined, 1493684966485
Booster, Armed, 1304.1299999999962, 32.98934130000048, -106.97300870000245, 413, 826, 1239, 0.16520000000000062, 0.24779999999999835, 0.022301999999999857, 1652, 2065, 2478, 413887, 412474, 413, 826, undefined, 1493684966505
Sustainer, Armed, 1300.4129999999902, 32.98934130000048, -106.97300870000245, 413, 826, 1239, 0.16520000000000062, 0.24779999999999835, 0.022301999999999857, 1652, 2065, 2478, 414474, 413474, 413, 826, undefined, 1493684966505
Booster, Armed, 1304.1399999999962, 32.989341400000484, -106.97300860000246, 414, 828, 1242, 0.16560000000000064, 0.24839999999999834, 0.022355999999999855, 1656, 2070, 2484, 414886, 413472, 414, 828, undefined, 1493684966525
Sustainer, Armed, 1300.4139999999902, 32.989341400000484, -106.97300860000246, 414, 828, 1242, 0.16560000000000064, 0.24839999999999834, 0.022355999999999855, 1656, 2070, 2484, 415472, 414472, 414, 828, undefined, 1493684966525
Booster, Armed, 1304.1499999999962, 32.989341500000485, -106.97300850000246, 415, 830, 1245, 0.16600000000000065, 0.24899999999999833, 0.022409999999999854, 1660, 2075, 2490, 415885, 414470, 415, 830, undefined, 1493684966545
Sustainer, Armed, 1300.4149999999902, 32.989341500000485, -106.97300850000246, 415, 830, 1245, 0.16600000000000065, 0.24899999999999833, 0.022409999999999854, 1660, 2075, 2490, 416470, 415470, 415, 830, undefined, 1493684966545
Booster, Armed, 1304.1599999999962, 32.989341600000486, -106.97300840000247, 416, 832, 1248, 0.16640000000000066, 0.24959999999999832, 0.022463999999999852, 1664, 2080, 2496, 416884, 415468, 416, 832, undefined, 1493684966565
Sustainer, Armed, 1300.4159999999902, 32.989341600000486, -106.97300840000247, 416, 832, 1248, 0.16640000000000066, 0.24959999999999832, 0.022463999999999852, 1664, 2080, 2496, 417468, 416468, 416, 832, undefined, 1493684966565
Booster, Armed, 1304.1699999999962, 32.98934170000049, -106.97300830000248, 417, 834, 1251, 0.16680000000000067, 0.2501999999999983, 0.02251799999999985, 1668, 2085, 2502, 417883, 416466, 417, 834, undefined, 1493684966586
Sustainer, Armed, 1300.4169999999901, 32.98934170000049, -106.97300830000248, 417, 834, 1251, 0.16680000000000067, 0.2501999999999983, 0.02251799999999985, 1668, 2085, 2502, 418466, 417466, 417, 834, undefined, 1493684966586
Booster, Armed, 1304.1799999999962, 32.98934180000049, -106.97300820000248, 418, 836, 1254, 0.16720000000000068, 0.2507999999999983, 0.02257199999999985, 1672, 2090, 2508, 418882, 417464, 418, 836, undefined, 1493684966606
Sustainer, Armed, 1300.4179999999901, 32.98934180000049, -106.97300820000248, 418, 836, 1254, 0.16720000000000068, 0.2507999999999983, 0.02257199999999985, 1672, 2090, 2508, 419464, 418464, 418, 836, undefined, 1493684966606
Booster, Armed, 1304.1899999999962, 32.98934190000049, -106.97300810000249, 419, 838, 1257, 0.1676000000000007, 0.2513999999999983, 0.022625999999999848, 1676, 2095, 2514, 419881, 418462, 419, 838, undefined, 1493684966626
Sustainer, Armed, 1300.41899999999, 32.98934190000049, -106.97300810000249, 419, 838, 1257, 0.1676000000000007, 0.2513999999999983, 0.022625999999999848, 1676, 2095, 2514, 420462, 419462, 419, 838, undefined, 1493684966626
Booster, Armed, 1304.1999999999962, 32.98934200000049, -106.9730080000025, 420, 840, 1260, 0.1680000000000007, 0.2519999999999983, 0.022679999999999846, 1680, 2100, 2520, 420880, 419460, 420, 840, undefined, 1493684966646
Sustainer, Armed, 1300.41999999999, 32.98934200000049, -106.9730080000025, 420, 840, 1260, 0.1680000000000007, 0.2519999999999983, 0.022679999999999846, 1680, 2100, 2520, 421460, 420460, 420, 840, undefined, 1493684966646
Booster, Armed, 1304.2099999999962, 32.98934210000049, -106.9730079000025, 421, 842, 1263, 0.16840000000000072, 0.25259999999999827, 0.022733999999999845, 1684, 2105, 2526, 421879, 420458, 421, 842, undefined, 1493684966666
Sustainer, Armed, 1300.42099999999, 32.98934210000049, -106.9730079000025, 421, 842, 1263, 0.16840000000000072, 0.25259999999999827, 0.022733999999999845, 1684, 2105, 2526, 422458, 421458, 421, 842, undefined, 1493684966666
Booster, Armed, 1304.2199999999962, 32.98934220000049, -106.9730078000025, 422, 844, 1266, 0.16880000000000073, 0.25319999999999826, 0.022787999999999843, 1688, 2110, 2532, 422878, 421456, 422, 844, undefined, 1493684966686
Sustainer, Armed, 1300.42199999999, 32.98934220000049, -106.9730078000025, 422, 844, 1266, 0.16880000000000073, 0.25319999999999826, 0.022787999999999843, 1688, 2110, 2532, 423456, 422456, 422, 844, undefined, 1493684966686
Booster, Armed, 1304.2299999999962, 32.989342300000494, -106.97300770000251, 423, 846, 1269, 0.16920000000000074, 0.25379999999999825, 0.02284199999999984, 1692, 2115, 2538, 423877, 422454, 423, 846, undefined, 1493684966706
Sustainer, Armed, 1300.42299999999, 32.989342300000494, -106.97300770000251, 423, 846, 1269, 0.16920000000000074, 0.25379999999999825, 0.02284199999999984, 1692, 2115, 2538, 424454, 423454, 423, 846, undefined, 1493684966706
Booster, Armed, 1304.2399999999961, 32.989342400000496, -106.97300760000252, 424, 848, 1272, 0.16960000000000075, 0.25439999999999824, 0.02289599999999984, 1696, 2120, 2544, 424876, 423452, 424, 848, undefined, 1493684966726
Sustainer, Armed, 1300.42399999999, 32.989342400000496, -106.97300760000252, 424, 848, 1272, 0.16960000000000075, 0.25439999999999824, 0.02289599999999984, 1696, 2120, 2544, 425452, 424452, 424, 848, undefined, 1493684966727
Booster, Armed, 1304.2499999999961, 32.9893425000005, -106.97300750000252, 425, 850, 1275, 0.17000000000000076, 0.25499999999999823, 0.02294999999999984, 1700, 2125, 2550, 425875, 424450, 425, 850, undefined, 1493684966747
Sustainer, Armed, 1300.42499999999, 32.9893425000005, -106.97300750000252, 425, 850, 1275, 0.17000000000000076, 0.25499999999999823, 0.02294999999999984, 1700, 2125, 2550, 426450, 425450, 425, 850, undefined, 1493684966747
Booster, Armed, 1304.2599999999961, 32.9893426000005, -106.97300740000253, 426, 852, 1278, 0.17040000000000077, 0.2555999999999982, 0.023003999999999837, 1704, 2130, 2556, 426874, 425448, 426, 852, undefined, 1493684966767
Sustainer, Armed, 1300.42599999999, 32.9893426000005, -106.97300740000253, 426, 852, 1278, 0.17040000000000077, 0.2555999999999982, 0.023003999999999837, 1704, 2130, 2556, 427448, 426448, 426, 852, undefined, 1493684966767
Booster, Armed, 1304.2699999999961, 32.9893427000005, -106.97300730000254, 427, 854, 1281, 0.17080000000000078, 0.2561999999999982, 0.023057999999999836, 1708, 2135, 2562, 427873, 426446, 427, 854, undefined, 1493684966788
Sustainer, Armed, 1300.42699999999, 32.9893427000005, -106.97300730000254, 427, 854, 1281, 0.17080000000000078, 0.2561999999999982, 0.023057999999999836, 1708, 2135, 2562, 428446, 427446, 427, 854, undefined, 1493684966788
Booster, Armed, 1304.279999999996, 32.9893428000005, -106.97300720000254, 428, 856, 1284, 0.1712000000000008, 0.2567999999999982, 0.023111999999999834, 1712, 2140, 2568, 428872, 427444, 428, 856, undefined, 1493684966808
Sustainer, Armed, 1300.4279999999899, 32.9893428000005, -106.97300720000254, 428, 856, 1284, 0.1712000000000008, 0.2567999999999982, 0.023111999999999834, 1712, 2140, 2568, 429444, 428444, 428, 856, undefined, 1493684966808
Booster, Armed, 1304.289999999996, 32.9893429000005, -106.97300710000255, 429, 858, 1287, 0.1716000000000008, 0.2573999999999982, 0.023165999999999833, 1716, 2145, 2574, 429871, 428442, 429, 858, undefined, 1493684966828
Sustainer, Armed, 1300.4289999999899, 32.9893429000005, -106.97300710000255, 429, 858, 1287, 0.1716000000000008, 0.2573999999999982, 0.023165999999999833, 1716, 2145, 2574, 430442, 429442, 429, 858, undefined, 1493684966828
Booster, Armed, 1304.299999999996, 32.9893430000005, -106.97300700000255, 430, 860, 1290, 0.17200000000000082, 0.2579999999999982, 0.02321999999999983, 1720, 2150, 2580, 430870, 429440, 430, 860, undefined, 1493684966848
Sustainer, Armed, 1300.4299999999898, 32.9893430000005, -106.97300700000255, 430, 860, 1290, 0.17200000000000082, 0.2579999999999982, 0.02321999999999983, 1720, 2150, 2580, 431440, 430440, 430, 860, undefined, 1493684966848
Booster, Armed, 1304.309999999996, 32.989343100000504, -106.97300690000256, 431, 862, 1293, 0.17240000000000083, 0.25859999999999816, 0.02327399999999983, 1724, 2155, 2586, 431869, 430438, 431, 862, undefined, 1493684966869
Sustainer, Armed, 1300.4309999999898, 32.989343100000504, -106.97300690000256, 431, 862, 1293, 0.17240000000000083, 0.25859999999999816, 0.02327399999999983, 1724, 2155, 2586, 432438, 431438, 431, 862, undefined, 1493684966869
Booster, Armed, 1304.319999999996, 32.989343200000505, -106.97300680000257, 432, 864, 1296, 0.17280000000000084, 0.25919999999999815, 0.023327999999999828, 1728, 2160, 2592, 432868, 431436, 432, 864, undefined, 1493684966889
Sustainer, Armed, 1300.4319999999898, 32.989343200000505, -106.97300680000257, 432, 864, 1296, 0.17280000000000084, 0.25919999999999815, 0.023327999999999828, 1728, 2160, 2592, 433436, 432436, 432, 864, undefined, 1493684966889
Booster, Armed, 1304.329999999996, 32.989343300000506, -106.97300670000257, 433, 866, 1299, 0.17320000000000085, 0.25979999999999814, 0.023381999999999827, 1732, 2165, 2598, 433867, 432434, 433, 866, undefined, 1493684966909
Sustainer, Armed, 1300.4329999999898, 32.989343300000506, -106.97300670000257, 433, 866, 1299, 0.17320000000000085, 0.25979999999999814, 0.023381999999999827, 1732, 2165, 2598, 434434, 433434, 433, 866, undefined, 1493684966909
Booster, Armed, 1304.339999999996, 32.98934340000051, -106.97300660000258, 434, 868, 1302, 0.17360000000000086, 0.26039999999999813, 0.023435999999999825, 1736, 2170, 2604, 434866, 433432, 434, 868, undefined, 1493684966930
Sustainer, Armed, 1300.4339999999897, 32.98934340000051, -106.97300660000258, 434, 868, 1302, 0.17360000000000086, 0.26039999999999813, 0.023435999999999825, 1736, 2170, 2604, 435432, 434432, 434, 868, undefined, 1493684966930
Booster, Armed, 1304.349999999996, 32.98934350000051, -106.97300650000258, 435, 870, 1305, 0.17400000000000088, 0.2609999999999981, 0.023489999999999824, 1740, 2175, 2610, 435865, 434430, 435, 870, undefined, 1493684966950
Sustainer, Armed, 1300.4349999999897, 32.98934350000051, -106.97300650000258, 435, 870, 1305, 0.17400000000000088, 0.2609999999999981, 0.023489999999999824, 1740, 2175, 2610, 436430, 435430, 435, 870, undefined, 1493684966950
Booster, Armed, 1304.359999999996, 32.98934360000051, -106.97300640000259, 436, 872, 1308, 0.1744000000000009, 0.2615999999999981, 0.023543999999999822, 1744, 2180, 2616, 436864, 435428, 436, 872, undefined, 1493684966970
Sustainer, Armed, 1300.4359999999897, 32.98934360000051, -106.97300640000259, 436, 872, 1308, 0.1744000000000009, 0.2615999999999981, 0.023543999999999822, 1744, 2180, 2616, 437428, 436428, 436, 872, undefined, 1493684966970
Booster, Armed, 1304.369999999996, 32.98934370000051, -106.9730063000026, 437, 874, 1311, 0.1748000000000009, 0.2621999999999981, 0.02359799999999982, 1748, 2185, 2622, 437863, 436426, 437, 874, undefined, 1493684966991
Sustainer, Armed, 1300.4369999999897, 32.98934370000051, -106.9730063000026, 437, 874, 1311, 0.1748000000000009, 0.2621999999999981, 0.02359799999999982, 1748, 2185, 2622, 438426, 437426, 437, 874, undefined, 1493684966991
Booster, Armed, 1304.379999999996, 32.98934380000051, -106.9730062000026, 438, 876, 1314, 0.1752000000000009, 0.2627999999999981, 0.02365199999999982, 1752, 2190, 2628, 438862, 437424, 438, 876, undefined, 1493684967012
Sustainer, Armed, 1300.4379999999896, 32.98934380000051, -106.9730062000026, 438, 876, 1314, 0.1752000000000009, 0.2627999999999981, 0.02365199999999982, 1752, 2190, 2628, 439424, 438424, 438, 876, undefined, 1493684967012
Booster, Armed, 1304.389999999996, 32.98934390000051, -106.9730061000026, 439, 878, 1317, 0.17560000000000092, 0.2633999999999981, 0.023705999999999817, 1756, 2195, 2634, 439861, 438422, 439, 878, undefined, 1493684967033
Sustainer, Armed, 1300.4389999999896, 32.98934390000051, -106.9730061000026, 439, 878, 1317, 0.17560000000000092, 0.2633999999999981, 0.023705999999999817, 1756, 2195, 2634, 440422, 439422, 439, 878, undefined, 1493684967033
Booster, Armed, 1304.399999999996, 32.989344000000514, -106.97300600000261, 440, 880, 1320, 0.17600000000000093, 0.26399999999999807, 0.023759999999999816, 1760, 2200, 2640, 440860, 439420, 440, 880, undefined, 1493684967053
Sustainer, Armed, 1300.4399999999896, 32.989344000000514, -106.97300600000261, 440, 880, 1320, 0.17600000000000093, 0.26399999999999807, 0.023759999999999816, 1760, 2200, 2640, 441420, 440420, 440, 880, undefined, 1493684967053
Booster, Armed, 1304.409999999996, 32.989344100000515, -106.97300590000262, 441, 882, 1323, 0.17640000000000094, 0.26459999999999806, 0.023813999999999814, 1764, 2205, 2646, 441859, 440418, 441, 882, undefined, 1493684967073
Sustainer, Armed, 1300.4409999999896, 32.989344100000515, -106.97300590000262, 441, 882, 1323, 0.17640000000000094, 0.26459999999999806, 0.023813999999999814, 1764, 2205, 2646, 442418, 441418, 441, 882, undefined, 1493684967073
Booster, Armed, 1304.419999999996, 32.98934420000052, -106.97300580000262, 442, 884, 1326, 0.17680000000000096, 0.26519999999999805, 0.023867999999999813, 1768, 2210, 2652, 442858, 441416, 442, 884, undefined, 1493684967093
Sustainer, Armed, 1300.4419999999895, 32.98934420000052, -106.97300580000262, 442, 884, 1326, 0.17680000000000096, 0.26519999999999805, 0.023867999999999813, 1768, 2210, 2652, 443416, 442416, 442, 884, undefined, 1493684967093
Booster, Armed, 1304.429999999996, 32.98934430000052, -106.97300570000263, 443, 886, 1329, 0.17720000000000097, 0.26579999999999804, 0.02392199999999981, 1772, 2215, 2658, 443857, 442414, 443, 886, undefined, 1493684967113
Sustainer, Armed, 1300.4429999999895, 32.98934430000052, -106.97300570000263, 443, 886, 1329, 0.17720000000000097, 0.26579999999999804, 0.02392199999999981, 1772, 2215, 2658, 444414, 443414, 443, 886, undefined, 1493684967113
Booster, Armed, 1304.439999999996, 32.98934440000052, -106.97300560000264, 444, 888, 1332, 0.17760000000000098, 0.266399999999998, 0.02397599999999981, 1776, 2220, 2664, 444856, 443412, 444, 888, undefined, 1493684967133
Sustainer, Armed, 1300.4439999999895, 32.98934440000052, -106.97300560000264, 444, 888, 1332, 0.17760000000000098, 0.266399999999998, 0.02397599999999981, 1776, 2220, 2664, 445412, 444412, 444, 888, undefined, 1493684967133
Booster, Armed, 1304.449999999996, 32.98934450000052, -106.97300550000264, 445, 890, 1335, 0.178000000000001, 0.266999999999998, 0.02402999999999981, 1780, 2225, 2670, 445855, 444410, 445, 890, undefined, 1493684967154
Sustainer, Armed, 1300.4449999999895, 32.98934450000052, -106.97300550000264, 445, 890, 1335, 0.178000000000001, 0.266999999999998, 0.02402999999999981, 1780, 2225, 2670, 446410, 445410, 445, 890, undefined, 1493684967154
Booster, Armed, 1304.459999999996, 32.98934460000052, -106.97300540000265, 446, 892, 1338, 0.178400000000001, 0.267599999999998, 0.024083999999999807, 1784, 2230, 2676, 446854, 445408, 446, 892, undefined, 1493684967175
Sustainer, Armed, 1300.4459999999895, 32.98934460000052, -106.97300540000265, 446, 892, 1338, 0.178400000000001, 0.267599999999998, 0.024083999999999807, 1784, 2230, 2676, 447408, 446408, 446, 892, undefined, 1493684967175
Booster, Armed, 1304.469999999996, 32.98934470000052, -106.97300530000265, 447, 894, 1341, 0.178800000000001, 0.268199999999998, 0.024137999999999805, 1788, 2235, 2682, 447853, 446406, 447, 894, undefined, 1493684967196
Sustainer, Armed, 1300.4469999999894, 32.98934470000052, -106.97300530000265, 447, 894, 1341, 0.178800000000001, 0.268199999999998, 0.024137999999999805, 1788, 2235, 2682, 448406, 447406, 447, 894, undefined, 1493684967196
Booster, Armed, 1304.479999999996, 32.989344800000524, -106.97300520000266, 448, 896, 1344, 0.17920000000000103, 0.268799999999998, 0.024191999999999804, 1792, 2240, 2688, 448852, 447404, 448, 896, undefined, 1493684967217
Sustainer, Armed, 1300.4479999999894, 32.989344800000524, -106.97300520000266, 448, 896, 1344, 0.17920000000000103, 0.268799999999998, 0.024191999999999804, 1792, 2240, 2688, 449404, 448404, 448, 896, undefined, 1493684967217
Booster, Armed, 1304.489999999996, 32.989344900000525, -106.97300510000267, 449, 898, 1347, 0.17960000000000104, 0.269399999999998, 0.024245999999999802, 1796, 2245, 2694, 449851, 448402, 449, 898, undefined, 1493684967238
Sustainer, Armed, 1300.4489999999894, 32.989344900000525, -106.97300510000267, 449, 898, 1347, 0.17960000000000104, 0.269399999999998, 0.024245999999999802, 1796, 2245, 2694, 450402, 449402, 449, 898, undefined, 1493684967238
Booster, Armed, 1304.499999999996, 32.989345000000526, -106.97300500000267, 450, 900, 1350, 0.18000000000000105, 0.26999999999999796, 0.0242999999999998, 1800, 2250, 2700, 450850, 449400, 450, 900, undefined, 1493684967259
Sustainer, Armed, 1300.4499999999894, 32.989345000000526, -106.97300500000267, 450, 900, 1350, 0.18000000000000105, 0.26999999999999796, 0.0242999999999998, 1800, 2250, 2700, 451400, 450400, 450, 900, undefined, 1493684967259
Booster, Armed, 1304.509999999996, 32.98934510000053, -106.97300490000268, 451, 902, 1353, 0.18040000000000106, 0.27059999999999795, 0.0243539999999998, 1804, 2255, 2706, 451849, 450398, 451, 902, undefined, 1493684967280
Sustainer, Armed, 1300.4509999999893, 32.98934510000053, -106.97300490000268, 451, 902, 1353, 0.18040000000000106, 0.27059999999999795, 0.0243539999999998, 1804, 2255, 2706, 452398, 451398, 451, 902, undefined, 1493684967280
Booster, Armed, 1304.519999999996, 32.98934520000053, -106.97300480000268, 452, 904, 1356, 0.18080000000000107, 0.27119999999999794, 0.024407999999999798, 1808, 2260, 2712, 452848, 451396, 452, 904, undefined, 1493684967301
Sustainer, Armed, 1300.4519999999893, 32.98934520000053, -106.97300480000268, 452, 904, 1356, 0.18080000000000107, 0.27119999999999794, 0.024407999999999798, 1808, 2260, 2712, 453396, 452396, 452, 904, undefined, 1493684967301
Booster, Armed, 1304.5299999999959, 32.98934530000053, -106.97300470000269, 453, 906, 1359, 0.18120000000000108, 0.27179999999999793, 0.024461999999999796, 1812, 2265, 2718, 453847, 452394, 453, 906, undefined, 1493684967322
Sustainer, Armed, 1300.4529999999893, 32.98934530000053, -106.97300470000269, 453, 906, 1359, 0.18120000000000108, 0.27179999999999793, 0.024461999999999796, 1812, 2265, 2718, 454394, 453394, 453, 906, undefined, 1493684967322
Booster, Armed, 1304.5399999999959, 32.98934540000053, -106.9730046000027, 454, 908, 1362, 0.1816000000000011, 0.2723999999999979, 0.024515999999999795, 1816, 2270, 2724, 454846, 453392, 454, 908, undefined, 1493684967344
Sustainer, Armed, 1300.4539999999893, 32.98934540000053, -106.9730046000027, 454, 908, 1362, 0.1816000000000011, 0.2723999999999979, 0.024515999999999795, 1816, 2270, 2724, 455392, 454392, 454, 908, undefined, 1493684967344
Booster, Armed, 1304.5499999999959, 32.98934550000053, -106.9730045000027, 455, 910, 1365, 0.1820000000000011, 0.2729999999999979, 0.024569999999999793, 1820, 2275, 2730, 455845, 454390, 455, 910, undefined, 1493684967365
Sustainer, Armed, 1300.4549999999892, 32.98934550000053, -106.9730045000027, 455, 910, 1365, 0.1820000000000011, 0.2729999999999979, 0.024569999999999793, 1820, 2275, 2730, 456390, 455390, 455, 910, undefined, 1493684967365
Booster, Armed, 1304.5599999999959, 32.98934560000053, -106.97300440000271, 456, 912, 1368, 0.18240000000000112, 0.2735999999999979, 0.024623999999999792, 1824, 2280, 2736, 456844, 455388, 456, 912, undefined, 1493684967386
Sustainer, Armed, 1300.4559999999892, 32.98934560000053, -106.97300440000271, 456, 912, 1368, 0.18240000000000112, 0.2735999999999979, 0.024623999999999792, 1824, 2280, 2736, 457388, 456388, 456, 912, undefined, 1493684967386
Booster, Armed, 1304.5699999999958, 32.989345700000534, -106.97300430000271, 457, 914, 1371, 0.18280000000000113, 0.2741999999999979, 0.02467799999999979, 1828, 2285, 2742, 457843, 456386, 457, 914, undefined, 1493684967408
Sustainer, Armed, 1300.4569999999892, 32.989345700000534, -106.97300430000271, 457, 914, 1371, 0.18280000000000113, 0.2741999999999979, 0.02467799999999979, 1828, 2285, 2742, 458386, 457386, 457, 914, undefined, 1493684967408
Booster, Armed, 1304.5799999999958, 32.989345800000535, -106.97300420000272, 458, 916, 1374, 0.18320000000000114, 0.2747999999999979, 0.02473199999999979, 1832, 2290, 2748, 458842, 457384, 458, 916, undefined, 1493684967429
Sustainer, Armed, 1300.4579999999892, 32.989345800000535, -106.97300420000272, 458, 916, 1374, 0.18320000000000114, 0.2747999999999979, 0.02473199999999979, 1832, 2290, 2748, 459384, 458384, 458, 916, undefined, 1493684967429
Booster, Armed, 1304.5899999999958, 32.98934590000054, -106.97300410000273, 459, 918, 1377, 0.18360000000000115, 0.27539999999999787, 0.024785999999999787, 1836, 2295, 2754, 459841, 458382, 459, 918, undefined, 1493684967450
Sustainer, Armed, 1300.4589999999891, 32.98934590000054, -106.97300410000273, 459, 918, 1377, 0.18360000000000115, 0.27539999999999787, 0.024785999999999787, 1836, 2295, 2754, 460382, 459382, 459, 918, undefined, 1493684967450
Booster, Armed, 1304.5999999999958, 32.98934600000054, -106.97300400000273, 460, 920, 1380, 0.18400000000000116, 0.27599999999999786, 0.024839999999999786, 1840, 2300, 2760, 460840, 459380, 460, 920, undefined, 1493684967471
Sustainer, Armed, 1300.4599999999891, 32.98934600000054, -106.97300400000273, 460, 920, 1380, 0.18400000000000116, 0.27599999999999786, 0.024839999999999786, 1840, 2300, 2760, 461380, 460380, 460, 920, undefined, 1493684967471
Booster, Armed, 1304.6099999999958, 32.98934610000054, -106.97300390000274, 461, 922, 1383, 0.18440000000000117, 0.27659999999999785, 0.024893999999999784, 1844, 2305, 2766, 461839, 460378, 461, 922, undefined, 1493684967491
Sustainer, Armed, 1300.460999999989, 32.98934610000054, -106.97300390000274, 461, 922, 1383, 0.18440000000000117, 0.27659999999999785, 0.024893999999999784, 1844, 2305, 2766, 462378, 461378, 461, 922, undefined, 1493684967491
Booster, Armed, 1304.6199999999958, 32.98934620000054, -106.97300380000274, 462, 924, 1386, 0.18480000000000119, 0.27719999999999784, 0.024947999999999783, 1848, 2310, 2772, 462838, 461376, 462, 924, undefined, 1493684967511
Sustainer, Armed, 1300.461999999989, 32.98934620000054, -106.97300380000274, 462, 924, 1386, 0.18480000000000119, 0.27719999999999784, 0.024947999999999783, 1848, 2310, 2772, 463376, 462376, 462, 924, undefined, 1493684967511
Booster, Armed, 1304.6299999999958, 32.98934630000054, -106.97300370000275, 463, 926, 1389, 0.1852000000000012, 0.2777999999999978, 0.02500199999999978, 1852, 2315, 2778, 463837, 462374, 463, 926, undefined, 1493684967531
Sustainer, Armed, 1300.462999999989, 32.98934630000054, -106.97300370000275, 463, 926, 1389, 0.1852000000000012, 0.2777999999999978, 0.02500199999999978, 1852, 2315, 2778, 464374, 463374, 463, 926, undefined, 1493684967531
Booster, Armed, 1304.6399999999958, 32.98934640000054, -106.97300360000276, 464, 928, 1392, 0.1856000000000012, 0.2783999999999978, 0.02505599999999978, 1856, 2320, 2784, 464836, 463372, 464, 928, undefined, 1493684967551
Sustainer, Armed, 1300.463999999989, 32.98934640000054, -106.97300360000276, 464, 928, 1392, 0.1856000000000012, 0.2783999999999978, 0.02505599999999978, 1856, 2320, 2784, 465372, 464372, 464, 928, undefined, 1493684967551
Booster, Armed, 1304.6499999999958, 32.98934650000054, -106.97300350000276, 465, 930, 1395, 0.18600000000000122, 0.2789999999999978, 0.02510999999999978, 1860, 2325, 2790, 465835, 464370, 465, 930, undefined, 1493684967571
Sustainer, Armed, 1300.464999999989, 32.98934650000054, -106.97300350000276, 465, 930, 1395, 0.18600000000000122, 0.2789999999999978, 0.02510999999999978, 1860, 2325, 2790, 466370, 465370, 465, 930, undefined, 1493684967571
Booster, Armed, 1304.6599999999958, 32.989346600000545, -106.97300340000277, 466, 932, 1398, 0.18640000000000123, 0.2795999999999978, 0.025163999999999777, 1864, 2330, 2796, 466834, 465368, 466, 932, undefined, 1493684967591
Sustainer, Armed, 1300.465999999989, 32.989346600000545, -106.97300340000277, 466, 932, 1398, 0.18640000000000123, 0.2795999999999978, 0.025163999999999777, 1864, 2330, 2796, 467368, 466368, 466, 932, undefined, 1493684967591
Booster, Armed, 1304.6699999999958, 32.989346700000546, -106.97300330000277, 467, 934, 1401, 0.18680000000000124, 0.2801999999999978, 0.025217999999999775, 1868, 2335, 2802, 467833, 466366, 467, 934, undefined, 1493684967612
Sustainer, Armed, 1300.466999999989, 32.989346700000546, -106.97300330000277, 467, 934, 1401, 0.18680000000000124, 0.2801999999999978, 0.025217999999999775, 1868, 2335, 2802, 468366, 467366, 467, 934, undefined, 1493684967612
Booster, Armed, 1304.6799999999957, 32.98934680000055, -106.97300320000278, 468, 936, 1404, 0.18720000000000125, 0.2807999999999978, 0.025271999999999774, 1872, 2340, 2808, 468832, 467364, 468, 936, undefined, 1493684967632
Sustainer, Armed, 1300.467999999989, 32.98934680000055, -106.97300320000278, 468, 936, 1404, 0.18720000000000125, 0.2807999999999978, 0.025271999999999774, 1872, 2340, 2808, 469364, 468364, 468, 936, undefined, 1493684967632
Booster, Armed, 1304.6899999999957, 32.98934690000055, -106.97300310000279, 469, 938, 1407, 0.18760000000000127, 0.28139999999999776, 0.025325999999999772, 1876, 2345, 2814, 469831, 468362, 469, 938, undefined, 1493684967652
Sustainer, Armed, 1300.468999999989, 32.98934690000055, -106.97300310000279, 469, 938, 1407, 0.18760000000000127, 0.28139999999999776, 0.025325999999999772, 1876, 2345, 2814, 470362, 469362, 469, 938, undefined, 1493684967652
Booster, Armed, 1304.6999999999957, 32.98934700000055, -106.97300300000279, 470, 940, 1410, 0.18800000000000128, 0.28199999999999775, 0.02537999999999977, 1880, 2350, 2820, 470830, 469360, 470, 940, undefined, 1493684967672
Sustainer, Armed, 1300.4699999999889, 32.98934700000055, -106.97300300000279, 470, 940, 1410, 0.18800000000000128, 0.28199999999999775, 0.02537999999999977, 1880, 2350, 2820, 471360, 470360, 470, 940, undefined, 1493684967672
Booster, Armed, 1304.7099999999957, 32.98934710000055, -106.9730029000028, 471, 942, 1413, 0.1884000000000013, 0.28259999999999774, 0.02543399999999977, 1884, 2355, 2826, 471829, 470358, 471, 942, undefined, 1493684967692
Sustainer, Armed, 1300.4709999999889, 32.98934710000055, -106.9730029000028, 471, 942, 1413, 0.1884000000000013, 0.28259999999999774, 0.02543399999999977, 1884, 2355, 2826, 472358, 471358, 471, 942, undefined, 1493684967692
Booster, Armed, 1304.7199999999957, 32.98934720000055, -106.9730028000028, 472, 944, 1416, 0.1888000000000013, 0.28319999999999773, 0.025487999999999768, 1888, 2360, 2832, 472828, 471356, 472, 944, undefined, 1493684967712
Sustainer, Armed, 1300.4719999999888, 32.98934720000055, -106.9730028000028, 472, 944, 1416, 0.1888000000000013, 0.28319999999999773, 0.025487999999999768, 1888, 2360, 2832, 473356, 472356, 472, 944, undefined, 1493684967712
Booster, Armed, 1304.7299999999957, 32.98934730000055, -106.97300270000281, 473, 946, 1419, 0.1892000000000013, 0.2837999999999977, 0.025541999999999766, 1892, 2365, 2838, 473827, 472354, 473, 946, undefined, 1493684967732
Sustainer, Armed, 1300.4729999999888, 32.98934730000055, -106.97300270000281, 473, 946, 1419, 0.1892000000000013, 0.2837999999999977, 0.025541999999999766, 1892, 2365, 2838, 474354, 473354, 473, 946, undefined, 1493684967732
Booster, Armed, 1304.7399999999957, 32.989347400000554, -106.97300260000281, 474, 948, 1422, 0.18960000000000132, 0.2843999999999977, 0.025595999999999765, 1896, 2370, 2844, 474826, 473352, 474, 948, undefined, 1493684967752
Sustainer, Armed, 1300.4739999999888, 32.989347400000554, -106.97300260000281, 474, 948, 1422, 0.18960000000000132, 0.2843999999999977, 0.025595999999999765, 1896, 2370, 2844, 475352, 474352, 474, 948, undefined, 1493684967753
Booster, Armed, 1304.7499999999957, 32.989347500000555, -106.97300250000282, 475, 950, 1425, 0.19000000000000133, 0.2849999999999977, 0.025649999999999763, 1900, 2375, 2850, 475825, 474350, 475, 950, undefined, 1493684967774
Sustainer, Armed, 1300.4749999999888, 32.989347500000555, -106.97300250000282, 475, 950, 1425, 0.19000000000000133, 0.2849999999999977, 0.025649999999999763, 1900, 2375, 2850, 476350, 475350, 475, 950, undefined, 1493684967774
Booster, Armed, 1304.7599999999957, 32.989347600000556, -106.97300240000283, 476, 952, 1428, 0.19040000000000135, 0.2855999999999977, 0.025703999999999762, 1904, 2380, 2856, 476824, 475348, 476, 952, undefined, 1493684967794
Sustainer, Armed, 1300.4759999999887, 32.989347600000556, -106.97300240000283, 476, 952, 1428, 0.19040000000000135, 0.2855999999999977, 0.025703999999999762, 1904, 2380, 2856, 477348, 476348, 476, 952, undefined, 1493684967794
Booster, Armed, 1304.7699999999957, 32.98934770000056, -106.97300230000283, 477, 954, 1431, 0.19080000000000136, 0.2861999999999977, 0.02575799999999976, 1908, 2385, 2862, 477823, 476346, 477, 954, undefined, 1493684967814
Sustainer, Armed, 1300.4769999999887, 32.98934770000056, -106.97300230000283, 477, 954, 1431, 0.19080000000000136, 0.2861999999999977, 0.02575799999999976, 1908, 2385, 2862, 478346, 477346, 477, 954, undefined, 1493684967814
Booster, Armed, 1304.7799999999957, 32.98934780000056, -106.97300220000284, 478, 956, 1434, 0.19120000000000137, 0.28679999999999767, 0.02581199999999976, 1912, 2390, 2868, 478822, 477344, 478, 956, undefined, 1493684967834
Sustainer, Armed, 1300.4779999999887, 32.98934780000056, -106.97300220000284, 478, 956, 1434, 0.19120000000000137, 0.28679999999999767, 0.02581199999999976, 1912, 2390, 2868, 479344, 478344, 478, 956, undefined, 1493684967834
Booster, Armed, 1304.7899999999956, 32.98934790000056, -106.97300210000284, 479, 958, 1437, 0.19160000000000138, 0.28739999999999766, 0.025865999999999757, 1916, 2395, 2874, 479821, 478342, 479, 958, undefined, 1493684967854
Sustainer, Armed, 1300.4789999999887, 32.98934790000056, -106.97300210000284, 479, 958, 1437, 0.19160000000000138, 0.28739999999999766, 0.025865999999999757, 1916, 2395, 2874, 480342, 479342, 479, 958, undefined, 1493684967854
Booster, Armed, 1304.7999999999956, 32.98934800000056, -106.97300200000285, 480, 960, 1440, 0.1920000000000014, 0.28799999999999765, 0.025919999999999756, 1920, 2400, 2880, 480820, 479340, 480, 960, undefined, 1493684967874
Sustainer, Armed, 1300.4799999999886, 32.98934800000056, -106.97300200000285, 480, 960, 1440, 0.1920000000000014, 0.28799999999999765, 0.025919999999999756, 1920, 2400, 2880, 481340, 480340, 480, 960, undefined, 1493684967874
Booster, Armed, 1304.8099999999956, 32.98934810000056, -106.97300190000286, 481, 962, 1443, 0.1924000000000014, 0.28859999999999764, 0.025973999999999754, 1924, 2405, 2886, 481819, 480338, 481, 962, undefined, 1493684967894
Sustainer, Armed, 1300.4809999999886, 32.98934810000056, -106.97300190000286, 481, 962, 1443, 0.1924000000000014, 0.28859999999999764, 0.025973999999999754, 1924, 2405, 2886, 482338, 481338, 481, 962, undefined, 1493684967894
Booster, Armed, 1304.8199999999956, 32.98934820000056, -106.97300180000286, 482, 964, 1446, 0.19280000000000141, 0.2891999999999976, 0.026027999999999753, 1928, 2410, 2892, 482818, 481336, 482, 964, undefined, 1493684967914
Sustainer, Armed, 1300.4819999999886, 32.98934820000056, -106.97300180000286, 482, 964, 1446, 0.19280000000000141, 0.2891999999999976, 0.026027999999999753, 1928, 2410, 2892, 483336, 482336, 482, 964, undefined, 1493684967914
Booster, Armed, 1304.8299999999956, 32.989348300000565, -106.97300170000287, 483, 966, 1449, 0.19320000000000143, 0.2897999999999976, 0.02608199999999975, 1932, 2415, 2898, 483817, 482334, 483, 966, undefined, 1493684967934
Sustainer, Armed, 1300.4829999999886, 32.989348300000565, -106.97300170000287, 483, 966, 1449, 0.19320000000000143, 0.2897999999999976, 0.02608199999999975, 1932, 2415, 2898, 484334, 483334, 483, 966, undefined, 1493684967934
Booster, Armed, 1304.8399999999956, 32.989348400000566, -106.97300160000287, 484, 968, 1452, 0.19360000000000144, 0.2903999999999976, 0.02613599999999975, 1936, 2420, 2904, 484816, 483332, 484, 968, undefined, 1493684967954
Sustainer, Armed, 1300.4839999999886, 32.989348400000566, -106.97300160000287, 484, 968, 1452, 0.19360000000000144, 0.2903999999999976, 0.02613599999999975, 1936, 2420, 2904, 485332, 484332, 484, 968, undefined, 1493684967954
Booster, Armed, 1304.8499999999956, 32.98934850000057, -106.97300150000288, 485, 970, 1455, 0.19400000000000145, 0.2909999999999976, 0.026189999999999748, 1940, 2425, 2910, 485815, 484330, 485, 970, undefined, 1493684967974
Sustainer, Armed, 1300.4849999999885, 32.98934850000057, -106.97300150000288, 485, 970, 1455, 0.19400000000000145, 0.2909999999999976, 0.026189999999999748, 1940, 2425, 2910, 486330, 485330, 485, 970, undefined, 1493684967974
Booster, Armed, 1304.8599999999956, 32.98934860000057, -106.97300140000289, 486, 972, 1458, 0.19440000000000146, 0.2915999999999976, 0.026243999999999747, 1944, 2430, 2916, 486814, 485328, 486, 972, undefined, 1493684967995
Sustainer, Armed, 1300.4859999999885, 32.98934860000057, -106.97300140000289, 486, 972, 1458, 0.19440000000000146, 0.2915999999999976, 0.026243999999999747, 1944, 2430, 2916, 487328, 486328, 486, 972, undefined, 1493684967995
Booster, Armed, 1304.8699999999956, 32.98934870000057, -106.97300130000289, 487, 974, 1461, 0.19480000000000147, 0.2921999999999976, 0.026297999999999745, 1948, 2435, 2922, 487813, 486326, 487, 974, undefined, 1493684968015
Sustainer, Armed, 1300.4869999999885, 32.98934870000057, -106.97300130000289, 487, 974, 1461, 0.19480000000000147, 0.2921999999999976, 0.026297999999999745, 1948, 2435, 2922, 488326, 487326, 487, 974, undefined, 1493684968015
Booster, Armed, 1304.8799999999956, 32.98934880000057, -106.9730012000029, 488, 976, 1464, 0.19520000000000148, 0.29279999999999756, 0.026351999999999744, 1952, 2440, 2928, 488812, 487324, 488, 976, undefined, 1493684968035
Sustainer, Armed, 1300.4879999999885, 32.98934880000057, -106.9730012000029, 488, 976, 1464, 0.19520000000000148, 0.29279999999999756, 0.026351999999999744, 1952, 2440, 2928, 489324, 488324, 488, 976, undefined, 1493684968035
Booster, Armed, 1304.8899999999956, 32.98934890000057, -106.9730011000029, 489, 978, 1467, 0.1956000000000015, 0.29339999999999755, 0.026405999999999742, 1956, 2445, 2934, 489811, 488322, 489, 978, undefined, 1493684968055
Sustainer, Armed, 1300.4889999999884, 32.98934890000057, -106.9730011000029, 489, 978, 1467, 0.1956000000000015, 0.29339999999999755, 0.026405999999999742, 1956, 2445, 2934, 490322, 489322, 489, 978, undefined, 1493684968055
Booster, Armed, 1304.8999999999955, 32.98934900000057, -106.97300100000291, 490, 980, 1470, 0.1960000000000015, 0.29399999999999754, 0.02645999999999974, 1960, 2450, 2940, 490810, 489320, 490, 980, undefined, 1493684968075
Sustainer, Armed, 1300.4899999999884, 32.98934900000057, -106.97300100000291, 490, 980, 1470, 0.1960000000000015, 0.29399999999999754, 0.02645999999999974, 1960, 2450, 2940, 491320, 490320, 490, 980, undefined, 1493684968075
Booster, Armed, 1304.9099999999955, 32.989349100000574, -106.97300090000292, 491, 982, 1473, 0.19640000000000152, 0.29459999999999753, 0.02651399999999974, 1964, 2455, 2946, 491809, 490318, 491, 982, undefined, 1493684968095
Sustainer, Armed, 1300.4909999999884, 32.989349100000574, -106.97300090000292, 491, 982, 1473, 0.19640000000000152, 0.29459999999999753, 0.02651399999999974, 1964, 2455, 2946, 492318, 491318, 491, 982, undefined, 1493684968095
Booster, Armed, 1304.9199999999955, 32.989349200000575, -106.97300080000292, 492, 984, 1476, 0.19680000000000153, 0.2951999999999975, 0.026567999999999738, 1968, 2460, 2952, 492808, 491316, 492, 984, undefined, 1493684968115
Sustainer, Armed, 1300.4919999999884, 32.989349200000575, -106.97300080000292, 492, 984, 1476, 0.19680000000000153, 0.2951999999999975, 0.026567999999999738, 1968, 2460, 2952, 493316, 492316, 492, 984, undefined, 1493684968115
Booster, Armed, 1304.9299999999955, 32.989349300000576, -106.97300070000293, 493, 986, 1479, 0.19720000000000154, 0.2957999999999975, 0.026621999999999736, 1972, 2465, 2958, 493807, 492314, 493, 986, undefined, 1493684968135
Sustainer, Armed, 1300.4929999999883, 32.989349300000576, -106.97300070000293, 493, 986, 1479, 0.19720000000000154, 0.2957999999999975, 0.026621999999999736, 1972, 2465, 2958, 494314, 493314, 493, 986, undefined, 1493684968135
Booster, Armed, 1304.9399999999955, 32.98934940000058, -106.97300060000293, 494, 988, 1482, 0.19760000000000155, 0.2963999999999975, 0.026675999999999735, 1976, 2470, 2964, 494806, 493312, 494, 988, undefined, 1493684968155
Sustainer, Armed, 1300.4939999999883, 32.98934940000058, -106.97300060000293, 494, 988, 1482, 0.19760000000000155, 0.2963999999999975, 0.026675999999999735, 1976, 2470, 2964, 495312, 494312, 494, 988, undefined, 1493684968155
Booster, Armed, 1304.9499999999955, 32.98934950000058, -106.97300050000294, 495, 990, 1485, 0.19800000000000156, 0.2969999999999975, 0.026729999999999733, 1980, 2475, 2970, 495805, 494310, 495, 990, undefined, 1493684968175
Sustainer, Armed, 1300.4949999999883, 32.98934950000058, -106.97300050000294, 495, 990, 1485, 0.19800000000000156, 0.2969999999999975, 0.026729999999999733, 1980, 2475, 2970, 496310, 495310, 495, 990, undefined, 1493684968175
Booster, Armed, 1304.9599999999955, 32.98934960000058, -106.97300040000295, 496, 992, 1488, 0.19840000000000158, 0.2975999999999975, 0.02678399999999973, 1984, 2480, 2976, 496804, 495308, 496, 992, undefined, 1493684968195
Sustainer, Armed, 1300.4959999999883, 32.98934960000058, -106.97300040000295, 496, 992, 1488, 0.19840000000000158, 0.2975999999999975, 0.02678399999999973, 1984, 2480, 2976, 497308, 496308, 496, 992, undefined, 1493684968195
Booster, Armed, 1304.9699999999955, 32.98934970000058, -106.97300030000295, 497, 994, 1491, 0.1988000000000016, 0.29819999999999747, 0.02683799999999973, 1988, 2485, 2982, 497803, 496306, 497, 994, undefined, 1493684968215
Sustainer, Armed, 1300.4969999999882, 32.98934970000058, -106.97300030000295, 497, 994, 1491, 0.1988000000000016, 0.29819999999999747, 0.02683799999999973, 1988, 2485, 2982, 498306, 497306, 497, 994, undefined, 1493684968215
Booster, Armed, 1304.9799999999955, 32.98934980000058, -106.97300020000296, 498, 996, 1494, 0.1992000000000016, 0.29879999999999746, 0.02689199999999973, 1992, 2490, 2988, 498802, 497304, 498, 996, undefined, 1493684968236
Sustainer, Armed, 1300.4979999999882, 32.98934980000058, -106.97300020000296, 498, 996, 1494, 0.1992000000000016, 0.29879999999999746, 0.02689199999999973, 1992, 2490, 2988, 499304, 498304, 498, 996, undefined, 1493684968236
Booster, Armed, 1304.9899999999955, 32.98934990000058, -106.97300010000296, 499, 998, 1497, 0.1996000000000016, 0.29939999999999745, 0.026945999999999727, 1996, 2495, 2994, 499801, 498302, 499, 998, undefined, 1493684968256
Sustainer, Armed, 1300.4989999999882, 32.98934990000058, -106.97300010000296, 499, 998, 1497, 0.1996000000000016, 0.29939999999999745, 0.026945999999999727, 1996, 2495, 2994, 500302, 499302, 499, 998, undefined, 1493684968256
Booster, Armed, 1304.9999999999955, 32.989350000000584, -106.97300000000297, 500, 1000, 1500, 0.20000000000000162, 0.29999999999999744, 0.026999999999999726, 2000, 2500, 3000, 500800, 499300, 500, 1000, undefined, 1493684968276
Sustainer, Armed, 1300.4999999999882, 32.989350000000584, -106.97300000000297, 500, 1000, 1500, 0.20000000000000162, 0.29999999999999744, 0.026999999999999726, 2000, 2500, 3000, 501300, 500300, 500, 1000, undefined, 1493684968276
Booster, Armed, 1305.0099999999954, 32.989350100000586, -106.97299990000297, 501, 1002, 1503, 0.20040000000000163, 0.3005999999999974, 0.027053999999999724, 2004, 2505, 3006, 501799, 500298, 501, 1002, undefined, 1493684968296
Sustainer, Armed, 1300.5009999999882, 32.989350100000586, -106.97299990000297, 501, 1002, 1503, 0.20040000000000163, 0.3005999999999974, 0.027053999999999724, 2004, 2505, 3006, 502298, 501298, 501, 1002, undefined, 1493684968296
Booster, Armed, 1305.0199999999954, 32.98935020000059, -106.97299980000298, 502, 1004, 1506, 0.20080000000000164, 0.3011999999999974, 0.027107999999999723, 2008, 2510, 3012, 502798, 501296, 502, 1004, undefined, 1493684968316
Sustainer, Armed, 1300.5019999999881, 32.98935020000059, -106.97299980000298, 502, 1004, 1506, 0.20080000000000164, 0.3011999999999974, 0.027107999999999723, 2008, 2510, 3012, 503296, 502296, 502, 1004, undefined, 1493684968316
Booster, Armed, 1305.0299999999954, 32.98935030000059, -106.97299970000299, 503, 1006, 1509, 0.20120000000000166, 0.3017999999999974, 0.02716199999999972, 2012, 2515, 3018, 503797, 502294, 503, 1006, undefined, 1493684968337
Sustainer, Armed, 1300.502999999988, 32.98935030000059, -106.97299970000299, 503, 1006, 1509, 0.20120000000000166, 0.3017999999999974, 0.02716199999999972, 2012, 2515, 3018, 504294, 503294, 503, 1006, undefined, 1493684968337
Booster, Armed, 1305.0399999999954, 32.98935040000059, -106.97299960000299, 504, 1008, 1512, 0.20160000000000167, 0.3023999999999974, 0.02721599999999972, 2016, 2520, 3024, 504796, 503292, 504, 1008, undefined, 1493684968358
Sustainer, Armed, 1300.503999999988, 32.98935040000059, -106.97299960000299, 504, 1008, 1512, 0.20160000000000167, 0.3023999999999974, 0.02721599999999972, 2016, 2520, 3024, 505292, 504292, 504, 1008, undefined, 1493684968358
Booster, Armed, 1305.0499999999954, 32.98935050000059, -106.972999500003, 505, 1010, 1515, 0.20200000000000168, 0.3029999999999974, 0.027269999999999718, 2020, 2525, 3030, 505795, 504290, 505, 1010, undefined, 1493684968379
Sustainer, Armed, 1300.504999999988, 32.98935050000059, -106.972999500003, 505, 1010, 1515, 0.20200000000000168, 0.3029999999999974, 0.027269999999999718, 2020, 2525, 3030, 506290, 505290, 505, 1010, undefined, 1493684968379
Booster, Armed, 1305.0599999999954, 32.98935060000059, -106.972999400003, 506, 1012, 1518, 0.2024000000000017, 0.30359999999999737, 0.027323999999999717, 2024, 2530, 3036, 506794, 505288, 506, 1012, undefined, 1493684968399
Sustainer, Armed, 1300.505999999988, 32.98935060000059, -106.972999400003, 506, 1012, 1518, 0.2024000000000017, 0.30359999999999737, 0.027323999999999717, 2024, 2530, 3036, 507288, 506288, 506, 1012, undefined, 1493684968399
Booster, Armed, 1305.0699999999954, 32.98935070000059, -106.97299930000301, 507, 1014, 1521, 0.2028000000000017, 0.30419999999999736, 0.027377999999999715, 2028, 2535, 3042, 507793, 506286, 507, 1014, undefined, 1493684968419
Sustainer, Armed, 1300.506999999988, 32.98935070000059, -106.97299930000301, 507, 1014, 1521, 0.2028000000000017, 0.30419999999999736, 0.027377999999999715, 2028, 2535, 3042, 508286, 507286, 507, 1014, undefined, 1493684968419
Booster, Armed, 1305.0799999999954, 32.989350800000594, -106.97299920000302, 508, 1016, 1524, 0.2032000000000017, 0.30479999999999735, 0.027431999999999714, 2032, 2540, 3048, 508792, 507284, 508, 1016, undefined, 1493684968439
Sustainer, Armed, 1300.507999999988, 32.989350800000594, -106.97299920000302, 508, 1016, 1524, 0.2032000000000017, 0.30479999999999735, 0.027431999999999714, 2032, 2540, 3048, 509284, 508284, 508, 1016, undefined, 1493684968439
Booster, Armed, 1305.0899999999954, 32.989350900000595, -106.97299910000302, 509, 1018, 1527, 0.20360000000000172, 0.30539999999999734, 0.027485999999999712, 2036, 2545, 3054, 509791, 508282, 509, 1018, undefined, 1493684968460
Sustainer, Armed, 1300.508999999988, 32.989350900000595, -106.97299910000302, 509, 1018, 1527, 0.20360000000000172, 0.30539999999999734, 0.027485999999999712, 2036, 2545, 3054, 510282, 509282, 509, 1018, undefined, 1493684968460
Booster, Armed, 1305.0999999999954, 32.989351000000596, -106.97299900000303, 510, 1020, 1530, 0.20400000000000174, 0.30599999999999733, 0.02753999999999971, 2040, 2550, 3060, 510790, 509280, 510, 1020, undefined, 1493684968480
Sustainer, Armed, 1300.509999999988, 32.989351000000596, -106.97299900000303, 510, 1020, 1530, 0.20400000000000174, 0.30599999999999733, 0.02753999999999971, 2040, 2550, 3060, 511280, 510280, 510, 1020, undefined, 1493684968480
Booster, Armed, 1305.1099999999954, 32.9893511000006, -106.97299890000303, 511, 1022, 1533, 0.20440000000000175, 0.3065999999999973, 0.02759399999999971, 2044, 2555, 3066, 511789, 510278, 511, 1022, undefined, 1493684968500
Sustainer, Armed, 1300.510999999988, 32.9893511000006, -106.97299890000303, 511, 1022, 1533, 0.20440000000000175, 0.3065999999999973, 0.02759399999999971, 2044, 2555, 3066, 512278, 511278, 511, 1022, undefined, 1493684968500
Booster, Armed, 1305.1199999999953, 32.9893512000006, -106.97299880000304, 512, 1024, 1536, 0.20480000000000176, 0.3071999999999973, 0.027647999999999708, 2048, 2560, 3072, 512788, 511276, 512, 1024, undefined, 1493684968520
Sustainer, Armed, 1300.511999999988, 32.9893512000006, -106.97299880000304, 512, 1024, 1536, 0.20480000000000176, 0.3071999999999973, 0.027647999999999708, 2048, 2560, 3072, 513276, 512276, 512, 1024, undefined, 1493684968520
Booster, Armed, 1305.1299999999953, 32.9893513000006, -106.97299870000305, 513, 1026, 1539, 0.20520000000000177, 0.3077999999999973, 0.027701999999999706, 2052, 2565, 3078, 513787, 512274, 513, 1026, undefined, 1493684968540
Sustainer, Armed, 1300.5129999999879, 32.9893513000006, -106.97299870000305, 513, 1026, 1539, 0.20520000000000177, 0.3077999999999973, 0.027701999999999706, 2052, 2565, 3078, 514274, 513274, 513, 1026, undefined, 1493684968541
Booster, Armed, 1305.1399999999953, 32.9893514000006, -106.97299860000305, 514, 1028, 1542, 0.20560000000000178, 0.3083999999999973, 0.027755999999999705, 2056, 2570, 3084, 514786, 513272, 514, 1028, undefined, 1493684968562
Sustainer, Armed, 1300.5139999999878, 32.9893514000006, -106.97299860000305, 514, 1028, 1542, 0.20560000000000178, 0.3083999999999973, 0.027755999999999705, 2056, 2570, 3084, 515272, 514272, 514, 1028, undefined, 1493684968562
Booster, Armed, 1305.1499999999953, 32.9893515000006, -106.97299850000306, 515, 1030, 1545, 0.2060000000000018, 0.3089999999999973, 0.027809999999999703, 2060, 2575, 3090, 515785, 514270, 515, 1030, undefined, 1493684968583
Sustainer, Armed, 1300.5149999999878, 32.9893515000006, -106.97299850000306, 515, 1030, 1545, 0.2060000000000018, 0.3089999999999973, 0.027809999999999703, 2060, 2575, 3090, 516270, 515270, 515, 1030, undefined, 1493684968583
Booster, Armed, 1305.1599999999953, 32.9893516000006, -106.97299840000306, 516, 1032, 1548, 0.2064000000000018, 0.30959999999999727, 0.0278639999999997, 2064, 2580, 3096, 516784, 515268, 516, 1032, undefined, 1493684968603
Sustainer, Armed, 1300.5159999999878, 32.9893516000006, -106.97299840000306, 516, 1032, 1548, 0.2064000000000018, 0.30959999999999727, 0.0278639999999997, 2064, 2580, 3096, 517268, 516268, 516, 1032, undefined, 1493684968603
Booster, Armed, 1305.1699999999953, 32.989351700000604, -106.97299830000307, 517, 1034, 1551, 0.20680000000000182, 0.31019999999999726, 0.0279179999999997, 2068, 2585, 3102, 517783, 516266, 517, 1034, undefined, 1493684968624
Sustainer, Armed, 1300.5169999999878, 32.989351700000604, -106.97299830000307, 517, 1034, 1551, 0.20680000000000182, 0.31019999999999726, 0.0279179999999997, 2068, 2585, 3102, 518266, 517266, 517, 1034, undefined, 1493684968624
Booster, Armed, 1305.1799999999953, 32.989351800000605, -106.97299820000308, 518, 1036, 1554, 0.20720000000000183, 0.31079999999999725, 0.0279719999999997, 2072, 2590, 3108, 518782, 517264, 518, 1036, undefined, 1493684968645
Sustainer, Armed, 1300.5179999999878, 32.989351800000605, -106.97299820000308, 518, 1036, 1554, 0.20720000000000183, 0.31079999999999725, 0.0279719999999997, 2072, 2590, 3108, 519264, 518264, 518, 1036, undefined, 1493684968645
Booster, Armed, 1305.1899999999953, 32.98935190000061, -106.97299810000308, 519, 1038, 1557, 0.20760000000000184, 0.31139999999999723, 0.028025999999999697, 2076, 2595, 3114, 519781, 518262, 519, 1038, undefined, 1493684968666
Sustainer, Armed, 1300.5189999999877, 32.98935190000061, -106.97299810000308, 519, 1038, 1557, 0.20760000000000184, 0.31139999999999723, 0.028025999999999697, 2076, 2595, 3114, 520262, 519262, 519, 1038, undefined, 1493684968666
Booster, Armed, 1305.1999999999953, 32.98935200000061, -106.97299800000309, 520, 1040, 1560, 0.20800000000000185, 0.3119999999999972, 0.028079999999999695, 2080, 2600, 3120, 520780, 519260, 520, 1040, undefined, 1493684968688
Sustainer, Armed, 1300.5199999999877, 32.98935200000061, -106.97299800000309, 520, 1040, 1560, 0.20800000000000185, 0.3119999999999972, 0.028079999999999695, 2080, 2600, 3120, 521260, 520260, 520, 1040, undefined, 1493684968688
Booster, Armed, 1305.2099999999953, 32.98935210000061, -106.9729979000031, 521, 1042, 1563, 0.20840000000000186, 0.3125999999999972, 0.028133999999999694, 2084, 2605, 3126, 521779, 520258, 521, 1042, undefined, 1493684968709
Sustainer, Armed, 1300.5209999999877, 32.98935210000061, -106.9729979000031, 521, 1042, 1563, 0.20840000000000186, 0.3125999999999972, 0.028133999999999694, 2084, 2605, 3126, 522258, 521258, 521, 1042, undefined, 1493684968709
Booster, Armed, 1305.2199999999953, 32.98935220000061, -106.9729978000031, 522, 1044, 1566, 0.20880000000000187, 0.3131999999999972, 0.028187999999999692, 2088, 2610, 3132, 522778, 521256, 522, 1044, undefined, 1493684968731
Sustainer, Armed, 1300.5219999999877, 32.98935220000061, -106.9729978000031, 522, 1044, 1566, 0.20880000000000187, 0.3131999999999972, 0.028187999999999692, 2088, 2610, 3132, 523256, 522256, 522, 1044, undefined, 1493684968731
Booster, Armed, 1305.2299999999952, 32.98935230000061, -106.9729977000031, 523, 1046, 1569, 0.20920000000000188, 0.3137999999999972, 0.02824199999999969, 2092, 2615, 3138, 523777, 522254, 523, 1046, undefined, 1493684968753
Sustainer, Armed, 1300.5229999999876, 32.98935230000061, -106.9729977000031, 523, 1046, 1569, 0.20920000000000188, 0.3137999999999972, 0.02824199999999969, 2092, 2615, 3138, 524254, 523254, 523, 1046, undefined, 1493684968753
Booster, Armed, 1305.2399999999952, 32.98935240000061, -106.97299760000311, 524, 1048, 1572, 0.2096000000000019, 0.3143999999999972, 0.02829599999999969, 2096, 2620, 3144, 524776, 523252, 524, 1048, undefined, 1493684968774
Sustainer, Armed, 1300.5239999999876, 32.98935240000061, -106.97299760000311, 524, 1048, 1572, 0.2096000000000019, 0.3143999999999972, 0.02829599999999969, 2096, 2620, 3144, 525252, 524252, 524, 1048, undefined, 1493684968774
Booster, Armed, 1305.2499999999952, 32.989352500000614, -106.97299750000312, 525, 1050, 1575, 0.2100000000000019, 0.31499999999999717, 0.028349999999999688, 2100, 2625, 3150, 525775, 524250, 525, 1050, undefined, 1493684968795
Sustainer, Armed, 1300.5249999999876, 32.989352500000614, -106.97299750000312, 525, 1050, 1575, 0.2100000000000019, 0.31499999999999717, 0.028349999999999688, 2100, 2625, 3150, 526250, 525250, 525, 1050, undefined, 1493684968795
Booster, Armed, 1305.2599999999952, 32.989352600000615, -106.97299740000312, 526, 1052, 1578, 0.21040000000000192, 0.31559999999999716, 0.028403999999999686, 2104, 2630, 3156, 526774, 525248, 526, 1052, undefined, 1493684968816
Sustainer, Armed, 1300.5259999999876, 32.989352600000615, -106.97299740000312, 526, 1052, 1578, 0.21040000000000192, 0.31559999999999716, 0.028403999999999686, 2104, 2630, 3156, 527248, 526248, 526, 1052, undefined, 1493684968816
Booster, Armed, 1305.2699999999952, 32.989352700000616, -106.97299730000313, 527, 1054, 1581, 0.21080000000000193, 0.31619999999999715, 0.028457999999999685, 2108, 2635, 3162, 527773, 526246, 527, 1054, undefined, 1493684968837
Sustainer, Armed, 1300.5269999999875, 32.989352700000616, -106.97299730000313, 527, 1054, 1581, 0.21080000000000193, 0.31619999999999715, 0.028457999999999685, 2108, 2635, 3162, 528246, 527246, 527, 1054, undefined, 1493684968837
Booster, Armed, 1305.2799999999952, 32.98935280000062, -106.97299720000314, 528, 1056, 1584, 0.21120000000000194, 0.31679999999999714, 0.028511999999999683, 2112, 2640, 3168, 528772, 527244, 528, 1056, undefined, 1493684968858
Sustainer, Armed, 1300.5279999999875, 32.98935280000062, -106.97299720000314, 528, 1056, 1584, 0.21120000000000194, 0.31679999999999714, 0.028511999999999683, 2112, 2640, 3168, 529244, 528244, 528, 1056, undefined, 1493684968858
Booster, Armed, 1305.2899999999952, 32.98935290000062, -106.97299710000314, 529, 1058, 1587, 0.21160000000000195, 0.31739999999999713, 0.028565999999999682, 2116, 2645, 3174, 529771, 528242, 529, 1058, undefined, 1493684968878
Sustainer, Armed, 1300.5289999999875, 32.98935290000062, -106.97299710000314, 529, 1058, 1587, 0.21160000000000195, 0.31739999999999713, 0.028565999999999682, 2116, 2645, 3174, 530242, 529242, 529, 1058, undefined, 1493684968878
Booster, Armed, 1305.2999999999952, 32.98935300000062, -106.97299700000315, 530, 1060, 1590, 0.21200000000000196, 0.3179999999999971, 0.02861999999999968, 2120, 2650, 3180, 530770, 529240, 530, 1060, undefined, 1493684968898
Sustainer, Armed, 1300.5299999999875, 32.98935300000062, -106.97299700000315, 530, 1060, 1590, 0.21200000000000196, 0.3179999999999971, 0.02861999999999968, 2120, 2650, 3180, 531240, 530240, 530, 1060, undefined, 1493684968898
Booster, Armed, 1305.3099999999952, 32.98935310000062, -106.97299690000315, 531, 1062, 1593, 0.21240000000000198, 0.3185999999999971, 0.02867399999999968, 2124, 2655, 3186, 531769, 530238, 531, 1062, undefined, 1493684968918
Sustainer, Armed, 1300.5309999999874, 32.98935310000062, -106.97299690000315, 531, 1062, 1593, 0.21240000000000198, 0.3185999999999971, 0.02867399999999968, 2124, 2655, 3186, 532238, 531238, 531, 1062, undefined, 1493684968918
Booster, Armed, 1305.3199999999952, 32.98935320000062, -106.97299680000316, 532, 1064, 1596, 0.212800000000002, 0.3191999999999971, 0.028727999999999677, 2128, 2660, 3192, 532768, 531236, 532, 1064, undefined, 1493684968938
Sustainer, Armed, 1300.5319999999874, 32.98935320000062, -106.97299680000316, 532, 1064, 1596, 0.212800000000002, 0.3191999999999971, 0.028727999999999677, 2128, 2660, 3192, 533236, 532236, 532, 1064, undefined, 1493684968938
Booster, Armed, 1305.3299999999952, 32.98935330000062, -106.97299670000316, 533, 1066, 1599, 0.213200000000002, 0.3197999999999971, 0.028781999999999676, 2132, 2665, 3198, 533767, 532234, 533, 1066, undefined, 1493684968958
Sustainer, Armed, 1300.5329999999874, 32.98935330000062, -106.97299670000316, 533, 1066, 1599, 0.213200000000002, 0.3197999999999971, 0.028781999999999676, 2132, 2665, 3198, 534234, 533234, 533, 1066, undefined, 1493684968958
Booster, Armed, 1305.3399999999951, 32.989353400000624, -106.97299660000317, 534, 1068, 1602, 0.213600000000002, 0.3203999999999971, 0.028835999999999674, 2136, 2670, 3204, 534766, 533232, 534, 1068, undefined, 1493684968978
Sustainer, Armed, 1300.5339999999874, 32.989353400000624, -106.97299660000317, 534, 1068, 1602, 0.213600000000002, 0.3203999999999971, 0.028835999999999674, 2136, 2670, 3204, 535232, 534232, 534, 1068, undefined, 1493684968978
Booster, Armed, 1305.3499999999951, 32.989353500000625, -106.97299650000318, 535, 1070, 1605, 0.21400000000000202, 0.32099999999999707, 0.028889999999999673, 2140, 2675, 3210, 535765, 534230, 535, 1070, undefined, 1493684968998
Sustainer, Armed, 1300.5349999999873, 32.989353500000625, -106.97299650000318, 535, 1070, 1605, 0.21400000000000202, 0.32099999999999707, 0.028889999999999673, 2140, 2675, 3210, 536230, 535230, 535, 1070, undefined, 1493684968998
Booster, Armed, 1305.3599999999951, 32.989353600000626, -106.97299640000318, 536, 1072, 1608, 0.21440000000000203, 0.32159999999999705, 0.02894399999999967, 2144, 2680, 3216, 536764, 535228, 536, 1072, undefined, 1493684969018
Sustainer, Armed, 1300.5359999999873, 32.989353600000626, -106.97299640000318, 536, 1072, 1608, 0.21440000000000203, 0.32159999999999705, 0.02894399999999967, 2144, 2680, 3216, 537228, 536228, 536, 1072, undefined, 1493684969018
Booster, Armed, 1305.3699999999951, 32.98935370000063, -106.97299630000319, 537, 1074, 1611, 0.21480000000000204, 0.32219999999999704, 0.02899799999999967, 2148, 2685, 3222, 537763, 536226, 537, 1074, undefined, 1493684969038
Sustainer, Armed, 1300.5369999999873, 32.98935370000063, -106.97299630000319, 537, 1074, 1611, 0.21480000000000204, 0.32219999999999704, 0.02899799999999967, 2148, 2685, 3222, 538226, 537226, 537, 1074, undefined, 1493684969038
Booster, Armed, 1305.379999999995, 32.98935380000063, -106.9729962000032, 538, 1076, 1614, 0.21520000000000206, 0.32279999999999703, 0.02905199999999967, 2152, 2690, 3228, 538762, 537224, 538, 1076, undefined, 1493684969058
Sustainer, Armed, 1300.5379999999873, 32.98935380000063, -106.9729962000032, 538, 1076, 1614, 0.21520000000000206, 0.32279999999999703, 0.02905199999999967, 2152, 2690, 3228, 539224, 538224, 538, 1076, undefined, 1493684969058
Booster, Armed, 1305.389999999995, 32.98935390000063, -106.9729961000032, 539, 1078, 1617, 0.21560000000000207, 0.323399999999997, 0.029105999999999667, 2156, 2695, 3234, 539761, 538222, 539, 1078, undefined, 1493684969078
Sustainer, Armed, 1300.5389999999873, 32.98935390000063, -106.9729961000032, 539, 1078, 1617, 0.21560000000000207, 0.323399999999997, 0.029105999999999667, 2156, 2695, 3234, 540222, 539222, 539, 1078, undefined, 1493684969078
Booster, Armed, 1305.399999999995, 32.98935400000063, -106.9729960000032, 540, 1080, 1620, 0.21600000000000208, 0.323999999999997, 0.029159999999999665, 2160, 2700, 3240, 540760, 539220, 540, 1080, undefined, 1493684969098
Sustainer, Armed, 1300.5399999999872, 32.98935400000063, -106.9729960000032, 540, 1080, 1620, 0.21600000000000208, 0.323999999999997, 0.029159999999999665, 2160, 2700, 3240, 541220, 540220, 540, 1080, undefined, 1493684969098
Booster, Armed, 1305.409999999995, 32.98935410000063, -106.97299590000321, 541, 1082, 1623, 0.2164000000000021, 0.324599999999997, 0.029213999999999664, 2164, 2705, 3246, 541759, 540218, 541, 1082, undefined, 1493684969118
Sustainer, Armed, 1300.5409999999872, 32.98935410000063, -106.97299590000321, 541, 1082, 1623, 0.2164000000000021, 0.324599999999997, 0.029213999999999664, 2164, 2705, 3246, 542218, 541218, 541, 1082, undefined, 1493684969118
Booster, Armed, 1305.419999999995, 32.98935420000063, -106.97299580000322, 542, 1084, 1626, 0.2168000000000021, 0.325199999999997, 0.029267999999999662, 2168, 2710, 3252, 542758, 541216, 542, 1084, undefined, 1493684969138
Sustainer, Armed, 1300.5419999999872, 32.98935420000063, -106.97299580000322, 542, 1084, 1626, 0.2168000000000021, 0.325199999999997, 0.029267999999999662, 2168, 2710, 3252, 543216, 542216, 542, 1084, undefined, 1493684969138
Booster, Armed, 1305.429999999995, 32.989354300000635, -106.97299570000322, 543, 1086, 1629, 0.2172000000000021, 0.325799999999997, 0.02932199999999966, 2172, 2715, 3258, 543757, 542214, 543, 1086, undefined, 1493684969158
Sustainer, Armed, 1300.5429999999872, 32.989354300000635, -106.97299570000322, 543, 1086, 1629, 0.2172000000000021, 0.325799999999997, 0.02932199999999966, 2172, 2715, 3258, 544214, 543214, 543, 1086, undefined, 1493684969158
Booster, Armed, 1305.439999999995, 32.989354400000636, -106.97299560000323, 544, 1088, 1632, 0.21760000000000213, 0.32639999999999697, 0.02937599999999966, 2176, 2720, 3264, 544756, 543212, 544, 1088, undefined, 1493684969178
Sustainer, Armed, 1300.5439999999871, 32.989354400000636, -106.97299560000323, 544, 1088, 1632, 0.21760000000000213, 0.32639999999999697, 0.02937599999999966, 2176, 2720, 3264, 545212, 544212, 544, 1088, undefined, 1493684969178
Booster, Armed, 1305.449999999995, 32.98935450000064, -106.97299550000324, 545, 1090, 1635, 0.21800000000000214, 0.32699999999999696, 0.029429999999999658, 2180, 2725, 3270, 545755, 544210, 545, 1090, undefined, 1493684969198
Sustainer, Armed, 1300.544999999987, 32.98935450000064, -106.97299550000324, 545, 1090, 1635, 0.21800000000000214, 0.32699999999999696, 0.029429999999999658, 2180, 2725, 3270, 546210, 545210, 545, 1090, undefined, 1493684969198
Booster, Armed, 1305.459999999995, 32.98935460000064, -106.97299540000324, 546, 1092, 1638, 0.21840000000000215, 0.32759999999999695, 0.029483999999999656, 2184, 2730, 3276, 546754, 545208, 546, 1092, undefined, 1493684969218
Sustainer, Armed, 1300.545999999987, 32.98935460000064, -106.97299540000324, 546, 1092, 1638, 0.21840000000000215, 0.32759999999999695, 0.029483999999999656, 2184, 2730, 3276, 547208, 546208, 546, 1092, undefined, 1493684969218
Booster, Armed, 1305.469999999995, 32.98935470000064, -106.97299530000325, 547, 1094, 1641, 0.21880000000000216, 0.32819999999999694, 0.029537999999999655, 2188, 2735, 3282, 547753, 546206, 547, 1094, undefined, 1493684969238
Sustainer, Armed, 1300.546999999987, 32.98935470000064, -106.97299530000325, 547, 1094, 1641, 0.21880000000000216, 0.32819999999999694, 0.029537999999999655, 2188, 2735, 3282, 548206, 547206, 547, 1094, undefined, 1493684969238
Booster, Armed, 1305.479999999995, 32.98935480000064, -106.97299520000325, 548, 1096, 1644, 0.21920000000000217, 0.32879999999999693, 0.029591999999999653, 2192, 2740, 3288, 548752, 547204, 548, 1096, undefined, 1493684969258
Sustainer, Armed, 1300.547999999987, 32.98935480000064, -106.97299520000325, 548, 1096, 1644, 0.21920000000000217, 0.32879999999999693, 0.029591999999999653, 2192, 2740, 3288, 549204, 548204, 548, 1096, undefined, 1493684969258
Booster, Armed, 1305.489999999995, 32.98935490000064, -106.97299510000326, 549, 1098, 1647, 0.21960000000000218, 0.3293999999999969, 0.029645999999999652, 2196, 2745, 3294, 549751, 548202, 549, 1098, undefined, 1493684969278
Sustainer, Armed, 1300.548999999987, 32.98935490000064, -106.97299510000326, 549, 1098, 1647, 0.21960000000000218, 0.3293999999999969, 0.029645999999999652, 2196, 2745, 3294, 550202, 549202, 549, 1098, undefined, 1493684969278
Booster, Armed, 1305.499999999995, 32.98935500000064, -106.97299500000327, 550, 1100, 1650, 0.2200000000000022, 0.3299999999999969, 0.02969999999999965, 2200, 2750, 3300, 550750, 549200, 550, 1100, undefined, 1493684969298
Sustainer, Armed, 1300.549999999987, 32.98935500000064, -106.97299500000327, 550, 1100, 1650, 0.2200000000000022, 0.3299999999999969, 0.02969999999999965, 2200, 2750, 3300, 551200, 550200, 550, 1100, undefined, 1493684969298
Booster, Armed, 1305.509999999995, 32.989355100000644, -106.97299490000327, 551, 1102, 1653, 0.2204000000000022, 0.3305999999999969, 0.02975399999999965, 2204, 2755, 3306, 551749, 550198, 551, 1102, undefined, 1493684969318
Sustainer, Armed, 1300.550999999987, 32.989355100000644, -106.97299490000327, 551, 1102, 1653, 0.2204000000000022, 0.3305999999999969, 0.02975399999999965, 2204, 2755, 3306, 552198, 551198, 551, 1102, undefined, 1493684969318
Booster, Armed, 1305.519999999995, 32.989355200000645, -106.97299480000328, 552, 1104, 1656, 0.22080000000000222, 0.3311999999999969, 0.029807999999999647, 2208, 2760, 3312, 552748, 551196, 552, 1104, undefined, 1493684969338
Sustainer, Armed, 1300.551999999987, 32.989355200000645, -106.97299480000328, 552, 1104, 1656, 0.22080000000000222, 0.3311999999999969, 0.029807999999999647, 2208, 2760, 3312, 553196, 552196, 552, 1104, undefined, 1493684969338
Booster, Armed, 1305.529999999995, 32.989355300000646, -106.97299470000328, 553, 1106, 1659, 0.22120000000000223, 0.3317999999999969, 0.029861999999999646, 2212, 2765, 3318, 553747, 552194, 553, 1106, undefined, 1493684969358
Sustainer, Armed, 1300.552999999987, 32.989355300000646, -106.97299470000328, 553, 1106, 1659, 0.22120000000000223, 0.3317999999999969, 0.029861999999999646, 2212, 2765, 3318, 554194, 553194, 553, 1106, undefined, 1493684969358
Booster, Armed, 1305.539999999995, 32.98935540000065, -106.97299460000329, 554, 1108, 1662, 0.22160000000000224, 0.33239999999999686, 0.029915999999999644, 2216, 2770, 3324, 554746, 553192, 554, 1108, undefined, 1493684969378
Sustainer, Armed, 1300.553999999987, 32.98935540000065, -106.97299460000329, 554, 1108, 1662, 0.22160000000000224, 0.33239999999999686, 0.029915999999999644, 2216, 2770, 3324, 555192, 554192, 554, 1108, undefined, 1493684969378
Booster, Armed, 1305.549999999995, 32.98935550000065, -106.9729945000033, 555, 1110, 1665, 0.22200000000000225, 0.33299999999999685, 0.029969999999999643, 2220, 2775, 3330, 555745, 554190, 555, 1110, undefined, 1493684969399
Sustainer, Armed, 1300.5549999999869, 32.98935550000065, -106.9729945000033, 555, 1110, 1665, 0.22200000000000225, 0.33299999999999685, 0.029969999999999643, 2220, 2775, 3330, 556190, 555190, 555, 1110, undefined, 1493684969399
Booster, Armed, 1305.559999999995, 32.98935560000065, -106.9729944000033, 556, 1112, 1668, 0.22240000000000226, 0.33359999999999684, 0.03002399999999964, 2224, 2780, 3336, 556744, 555188, 556, 1112, undefined, 1493684969419
Sustainer, Armed, 1300.5559999999869, 32.98935560000065, -106.9729944000033, 556, 1112, 1668, 0.22240000000000226, 0.33359999999999684, 0.03002399999999964, 2224, 2780, 3336, 557188, 556188, 556, 1112, undefined, 1493684969419
Booster, Armed, 1305.569999999995, 32.98935570000065, -106.97299430000331, 557, 1114, 1671, 0.22280000000000227, 0.33419999999999683, 0.03007799999999964, 2228, 2785, 3342, 557743, 556186, 557, 1114, undefined, 1493684969439
Sustainer, Armed, 1300.5569999999868, 32.98935570000065, -106.97299430000331, 557, 1114, 1671, 0.22280000000000227, 0.33419999999999683, 0.03007799999999964, 2228, 2785, 3342, 558186, 557186, 557, 1114, undefined, 1493684969439
Booster, Armed, 1305.579999999995, 32.98935580000065, -106.97299420000331, 558, 1116, 1674, 0.22320000000000229, 0.3347999999999968, 0.030131999999999638, 2232, 2790, 3348, 558742, 557184, 558, 1116, undefined, 1493684969459
Sustainer, Armed, 1300.5579999999868, 32.98935580000065, -106.97299420000331, 558, 1116, 1674, 0.22320000000000229, 0.3347999999999968, 0.030131999999999638, 2232, 2790, 3348, 559184, 558184, 558, 1116, undefined, 1493684969459
Booster, Armed, 1305.589999999995, 32.98935590000065, -106.97299410000332, 559, 1118, 1677, 0.2236000000000023, 0.3353999999999968, 0.030185999999999637, 2236, 2795, 3354, 559741, 558182, 559, 1118, undefined, 1493684969479
Sustainer, Armed, 1300.5589999999868, 32.98935590000065, -106.97299410000332, 559, 1118, 1677, 0.2236000000000023, 0.3353999999999968, 0.030185999999999637, 2236, 2795, 3354, 560182, 559182, 559, 1118, undefined, 1493684969479
Booster, Armed, 1305.599999999995, 32.989356000000654, -106.97299400000333, 560, 1120, 1680, 0.2240000000000023, 0.3359999999999968, 0.030239999999999635, 2240, 2800, 3360, 560740, 559180, 560, 1120, undefined, 1493684969499
Sustainer, Armed, 1300.5599999999868, 32.989356000000654, -106.97299400000333, 560, 1120, 1680, 0.2240000000000023, 0.3359999999999968, 0.030239999999999635, 2240, 2800, 3360, 561180, 560180, 560, 1120, undefined, 1493684969499
Booster, Armed, 1305.609999999995, 32.989356100000656, -106.97299390000333, 561, 1122, 1683, 0.22440000000000232, 0.3365999999999968, 0.030293999999999634, 2244, 2805, 3366, 561739, 560178, 561, 1122, undefined, 1493684969519
Sustainer, Armed, 1300.5609999999867, 32.989356100000656, -106.97299390000333, 561, 1122, 1683, 0.22440000000000232, 0.3365999999999968, 0.030293999999999634, 2244, 2805, 3366, 562178, 561178, 561, 1122, undefined, 1493684969519
Booster, Armed, 1305.619999999995, 32.98935620000066, -106.97299380000334, 562, 1124, 1686, 0.22480000000000233, 0.3371999999999968, 0.030347999999999632, 2248, 2810, 3372, 562738, 561176, 562, 1124, undefined, 1493684969539
Sustainer, Armed, 1300.5619999999867, 32.98935620000066, -106.97299380000334, 562, 1124, 1686, 0.22480000000000233, 0.3371999999999968, 0.030347999999999632, 2248, 2810, 3372, 563176, 562176, 562, 1124, undefined, 1493684969539
Booster, Armed, 1305.6299999999949, 32.98935630000066, -106.97299370000334, 563, 1126, 1689, 0.22520000000000234, 0.33779999999999677, 0.03040199999999963, 2252, 2815, 3378, 563737, 562174, 563, 1126, undefined, 1493684969560
Sustainer, Armed, 1300.5629999999867, 32.98935630000066, -106.97299370000334, 563, 1126, 1689, 0.22520000000000234, 0.33779999999999677, 0.03040199999999963, 2252, 2815, 3378, 564174, 563174, 563, 1126, undefined, 1493684969560
Booster, Armed, 1305.6399999999949, 32.98935640000066, -106.97299360000335, 564, 1128, 1692, 0.22560000000000235, 0.33839999999999676, 0.03045599999999963, 2256, 2820, 3384, 564736, 563172, 564, 1128, undefined, 1493684969581
Sustainer, Armed, 1300.5639999999867, 32.98935640000066, -106.97299360000335, 564, 1128, 1692, 0.22560000000000235, 0.33839999999999676, 0.03045599999999963, 2256, 2820, 3384, 565172, 564172, 564, 1128, undefined, 1493684969581
Booster, Armed, 1305.6499999999949, 32.98935650000066, -106.97299350000335, 565, 1130, 1695, 0.22600000000000237, 0.33899999999999675, 0.030509999999999628, 2260, 2825, 3390, 565735, 564170, 565, 1130, undefined, 1493684969601
Sustainer, Armed, 1300.5649999999866, 32.98935650000066, -106.97299350000335, 565, 1130, 1695, 0.22600000000000237, 0.33899999999999675, 0.030509999999999628, 2260, 2825, 3390, 566170, 565170, 565, 1130, undefined, 1493684969601
Booster, Armed, 1305.6599999999949, 32.98935660000066, -106.97299340000336, 566, 1132, 1698, 0.22640000000000238, 0.33959999999999674, 0.030563999999999626, 2264, 2830, 3396, 566734, 565168, 566, 1132, undefined, 1493684969621
Sustainer, Armed, 1300.5659999999866, 32.98935660000066, -106.97299340000336, 566, 1132, 1698, 0.22640000000000238, 0.33959999999999674, 0.030563999999999626, 2264, 2830, 3396, 567168, 566168, 566, 1132, undefined, 1493684969621
Booster, Armed, 1305.6699999999948, 32.98935670000066, -106.97299330000337, 567, 1134, 1701, 0.2268000000000024, 0.3401999999999967, 0.030617999999999625, 2268, 2835, 3402, 567733, 566166, 567, 1134, undefined, 1493684969641
Sustainer, Armed, 1300.5669999999866, 32.98935670000066, -106.97299330000337, 567, 1134, 1701, 0.2268000000000024, 0.3401999999999967, 0.030617999999999625, 2268, 2835, 3402, 568166, 567166, 567, 1134, undefined, 1493684969641
Booster, Armed, 1305.6799999999948, 32.989356800000664, -106.97299320000337, 568, 1136, 1704, 0.2272000000000024, 0.3407999999999967, 0.030671999999999623, 2272, 2840, 3408, 568732, 567164, 568, 1136, undefined, 1493684969661
Sustainer, Armed, 1300.5679999999866, 32.989356800000664, -106.97299320000337, 568, 1136, 1704, 0.2272000000000024, 0.3407999999999967, 0.030671999999999623, 2272, 2840, 3408, 569164, 568164, 568, 1136, undefined, 1493684969661
Booster, Armed, 1305.6899999999948, 32.989356900000665, -106.97299310000338, 569, 1138, 1707, 0.2276000000000024, 0.3413999999999967, 0.03072599999999962, 2276, 2845, 3414, 569731, 568162, 569, 1138, undefined, 1493684969681
Sustainer, Armed, 1300.5689999999865, 32.989356900000665, -106.97299310000338, 569, 1138, 1707, 0.2276000000000024, 0.3413999999999967, 0.03072599999999962, 2276, 2845, 3414, 570162, 569162, 569, 1138, undefined, 1493684969681
Booster, Armed, 1305.6999999999948, 32.989357000000666, -106.97299300000338, 570, 1140, 1710, 0.22800000000000242, 0.3419999999999967, 0.03077999999999962, 2280, 2850, 3420, 570730, 569160, 570, 1140, undefined, 1493684969701
Sustainer, Armed, 1300.5699999999865, 32.989357000000666, -106.97299300000338, 570, 1140, 1710, 0.22800000000000242, 0.3419999999999967, 0.03077999999999962, 2280, 2850, 3420, 571160, 570160, 570, 1140, undefined, 1493684969701
Booster, Armed, 1305.7099999999948, 32.98935710000067, -106.97299290000339, 571, 1142, 1713, 0.22840000000000243, 0.3425999999999967, 0.03083399999999962, 2284, 2855, 3426, 571729, 570158, 571, 1142, undefined, 1493684969721
Sustainer, Armed, 1300.5709999999865, 32.98935710000067, -106.97299290000339, 571, 1142, 1713, 0.22840000000000243, 0.3425999999999967, 0.03083399999999962, 2284, 2855, 3426, 572158, 571158, 571, 1142, undefined, 1493684969721
Booster, Armed, 1305.7199999999948, 32.98935720000067, -106.9729928000034, 572, 1144, 1716, 0.22880000000000245, 0.3431999999999967, 0.030887999999999617, 2288, 2860, 3432, 572728, 571156, 572, 1144, undefined, 1493684969741
Sustainer, Armed, 1300.5719999999865, 32.98935720000067, -106.9729928000034, 572, 1144, 1716, 0.22880000000000245, 0.3431999999999967, 0.030887999999999617, 2288, 2860, 3432, 573156, 572156, 572, 1144, undefined, 1493684969741
Booster, Armed, 1305.7299999999948, 32.98935730000067, -106.9729927000034, 573, 1146, 1719, 0.22920000000000246, 0.34379999999999666, 0.030941999999999616, 2292, 2865, 3438, 573727, 572154, 573, 1146, undefined, 1493684969761
Sustainer, Armed, 1300.5729999999865, 32.98935730000067, -106.9729927000034, 573, 1146, 1719, 0.22920000000000246, 0.34379999999999666, 0.030941999999999616, 2292, 2865, 3438, 574154, 573154, 573, 1146, undefined, 1493684969761
Booster, Armed, 1305.7399999999948, 32.98935740000067, -106.97299260000341, 574, 1148, 1722, 0.22960000000000247, 0.34439999999999665, 0.030995999999999614, 2296, 2870, 3444, 574726, 573152, 574, 1148, undefined, 1493684969781
Sustainer, Armed, 1300.5739999999864, 32.98935740000067, -106.97299260000341, 574, 1148, 1722, 0.22960000000000247, 0.34439999999999665, 0.030995999999999614, 2296, 2870, 3444, 575152, 574152, 574, 1148, undefined, 1493684969781
Booster, Armed, 1305.7499999999948, 32.98935750000067, -106.97299250000341, 575, 1150, 1725, 0.23000000000000248, 0.34499999999999664, 0.031049999999999613, 2300, 2875, 3450, 575725, 574150, 575, 1150, undefined, 1493684969802
Sustainer, Armed, 1300.5749999999864, 32.98935750000067, -106.97299250000341, 575, 1150, 1725, 0.23000000000000248, 0.34499999999999664, 0.031049999999999613, 2300, 2875, 3450, 576150, 575150, 575, 1150, undefined, 1493684969802
Booster, Armed, 1305.7599999999948, 32.98935760000067, -106.97299240000342, 576, 1152, 1728, 0.2304000000000025, 0.34559999999999663, 0.03110399999999961, 2304, 2880, 3456, 576724, 575148, 576, 1152, undefined, 1493684969823
Sustainer, Armed, 1300.5759999999864, 32.98935760000067, -106.97299240000342, 576, 1152, 1728, 0.2304000000000025, 0.34559999999999663, 0.03110399999999961, 2304, 2880, 3456, 577148, 576148, 576, 1152, undefined, 1493684969823
Booster, Armed, 1305.7699999999948, 32.989357700000674, -106.97299230000343, 577, 1154, 1731, 0.2308000000000025, 0.3461999999999966, 0.03115799999999961, 2308, 2885, 3462, 577723, 576146, 577, 1154, undefined, 1493684969844
Sustainer, Armed, 1300.5769999999864, 32.989357700000674, -106.97299230000343, 577, 1154, 1731, 0.2308000000000025, 0.3461999999999966, 0.03115799999999961, 2308, 2885, 3462, 578146, 577146, 577, 1154, undefined, 1493684969844
Booster, Armed, 1305.7799999999947, 32.989357800000676, -106.97299220000343, 578, 1156, 1734, 0.23120000000000251, 0.3467999999999966, 0.031211999999999608, 2312, 2890, 3468, 578722, 577144, 578, 1156, undefined, 1493684969864
Sustainer, Armed, 1300.5779999999863, 32.989357800000676, -106.97299220000343, 578, 1156, 1734, 0.23120000000000251, 0.3467999999999966, 0.031211999999999608, 2312, 2890, 3468, 579144, 578144, 578, 1156, undefined, 1493684969864
Booster, Armed, 1305.7899999999947, 32.98935790000068, -106.97299210000344, 579, 1158, 1737, 0.23160000000000253, 0.3473999999999966, 0.03126599999999961, 2316, 2895, 3474, 579721, 578142, 579, 1158, undefined, 1493684969884
Sustainer, Armed, 1300.5789999999863, 32.98935790000068, -106.97299210000344, 579, 1158, 1737, 0.23160000000000253, 0.3473999999999966, 0.03126599999999961, 2316, 2895, 3474, 580142, 579142, 579, 1158, undefined, 1493684969884
Booster, Armed, 1305.7999999999947, 32.98935800000068, -106.97299200000344, 580, 1160, 1740, 0.23200000000000254, 0.3479999999999966, 0.031319999999999605, 2320, 2900, 3480, 580720, 579140, 580, 1160, undefined, 1493684969904
Sustainer, Armed, 1300.5799999999863, 32.98935800000068, -106.97299200000344, 580, 1160, 1740, 0.23200000000000254, 0.3479999999999966, 0.031319999999999605, 2320, 2900, 3480, 581140, 580140, 580, 1160, undefined, 1493684969904
Booster, Armed, 1305.8099999999947, 32.98935810000068, -106.97299190000345, 581, 1162, 1743, 0.23240000000000255, 0.3485999999999966, 0.031373999999999604, 2324, 2905, 3486, 581719, 580138, 581, 1162, undefined, 1493684969925
Sustainer, Armed, 1300.5809999999863, 32.98935810000068, -106.97299190000345, 581, 1162, 1743, 0.23240000000000255, 0.3485999999999966, 0.031373999999999604, 2324, 2905, 3486, 582138, 581138, 581, 1162, undefined, 1493684969925
Booster, Armed, 1305.8199999999947, 32.98935820000068, -106.97299180000346, 582, 1164, 1746, 0.23280000000000256, 0.34919999999999657, 0.0314279999999996, 2328, 2910, 3492, 582718, 581136, 582, 1164, undefined, 1493684969946
Sustainer, Armed, 1300.5819999999862, 32.98935820000068, -106.97299180000346, 582, 1164, 1746, 0.23280000000000256, 0.34919999999999657, 0.0314279999999996, 2328, 2910, 3492, 583136, 582136, 582, 1164, undefined, 1493684969946
Booster, Armed, 1305.8299999999947, 32.98935830000068, -106.97299170000346, 583, 1166, 1749, 0.23320000000000257, 0.34979999999999656, 0.0314819999999996, 2332, 2915, 3498, 583717, 582134, 583, 1166, undefined, 1493684969966
Sustainer, Armed, 1300.5829999999862, 32.98935830000068, -106.97299170000346, 583, 1166, 1749, 0.23320000000000257, 0.34979999999999656, 0.0314819999999996, 2332, 2915, 3498, 584134, 583134, 583, 1166, undefined, 1493684969966
Booster, Armed, 1305.8399999999947, 32.98935840000068, -106.97299160000347, 584, 1168, 1752, 0.23360000000000258, 0.35039999999999655, 0.0315359999999996, 2336, 2920, 3504, 584716, 583132, 584, 1168, undefined, 1493684969986
Sustainer, Armed, 1300.5839999999862, 32.98935840000068, -106.97299160000347, 584, 1168, 1752, 0.23360000000000258, 0.35039999999999655, 0.0315359999999996, 2336, 2920, 3504, 585132, 584132, 584, 1168, undefined, 1493684969986
Booster, Armed, 1305.8499999999947, 32.989358500000684, -106.97299150000347, 585, 1170, 1755, 0.2340000000000026, 0.35099999999999654, 0.0315899999999996, 2340, 2925, 3510, 585715, 584130, 585, 1170, undefined, 1493684970006
Sustainer, Armed, 1300.5849999999862, 32.989358500000684, -106.97299150000347, 585, 1170, 1755, 0.2340000000000026, 0.35099999999999654, 0.0315899999999996, 2340, 2925, 3510, 586130, 585130, 585, 1170, undefined, 1493684970006
Booster, Armed, 1305.8599999999947, 32.989358600000685, -106.97299140000348, 586, 1172, 1758, 0.2344000000000026, 0.3515999999999965, 0.031643999999999596, 2344, 2930, 3516, 586714, 585128, 586, 1172, undefined, 1493684970026
Sustainer, Armed, 1300.5859999999861, 32.989358600000685, -106.97299140000348, 586, 1172, 1758, 0.2344000000000026, 0.3515999999999965, 0.031643999999999596, 2344, 2930, 3516, 587128, 586128, 586, 1172, undefined, 1493684970026
Booster, Armed, 1305.8699999999947, 32.989358700000686, -106.97299130000349, 587, 1174, 1761, 0.23480000000000262, 0.3521999999999965, 0.031697999999999595, 2348, 2935, 3522, 587713, 586126, 587, 1174, undefined, 1493684970047
Sustainer, Armed, 1300.5869999999861, 32.989358700000686, -106.97299130000349, 587, 1174, 1761, 0.23480000000000262, 0.3521999999999965, 0.031697999999999595, 2348, 2935, 3522, 588126, 587126, 587, 1174, undefined, 1493684970047
Booster, Armed, 1305.8799999999947, 32.98935880000069, -106.97299120000349, 588, 1176, 1764, 0.23520000000000263, 0.3527999999999965, 0.03175199999999959, 2352, 2940, 3528, 588712, 587124, 588, 1176, undefined, 1493684970068
Sustainer, Armed, 1300.587999999986, 32.98935880000069, -106.97299120000349, 588, 1176, 1764, 0.23520000000000263, 0.3527999999999965, 0.03175199999999959, 2352, 2940, 3528, 589124, 588124, 588, 1176, undefined, 1493684970068
Booster, Armed, 1305.8899999999946, 32.98935890000069, -106.9729911000035, 589, 1178, 1767, 0.23560000000000264, 0.3533999999999965, 0.03180599999999959, 2356, 2945, 3534, 589711, 588122, 589, 1178, undefined, 1493684970089
Sustainer, Armed, 1300.588999999986, 32.98935890000069, -106.9729911000035, 589, 1178, 1767, 0.23560000000000264, 0.3533999999999965, 0.03180599999999959, 2356, 2945, 3534, 590122, 589122, 589, 1178, undefined, 1493684970089
Booster, Armed, 1305.8999999999946, 32.98935900000069, -106.9729910000035, 590, 1180, 1770, 0.23600000000000265, 0.3539999999999965, 0.03185999999999959, 2360, 2950, 3540, 590710, 589120, 590, 1180, undefined, 1493684970110
Sustainer, Armed, 1300.589999999986, 32.98935900000069, -106.9729910000035, 590, 1180, 1770, 0.23600000000000265, 0.3539999999999965, 0.03185999999999959, 2360, 2950, 3540, 591120, 590120, 590, 1180, undefined, 1493684970110
Booster, Armed, 1305.9099999999946, 32.98935910000069, -106.97299090000351, 591, 1182, 1773, 0.23640000000000266, 0.3545999999999965, 0.03191399999999959, 2364, 2955, 3546, 591709, 590118, 591, 1182, undefined, 1493684970131
Sustainer, Armed, 1300.590999999986, 32.98935910000069, -106.97299090000351, 591, 1182, 1773, 0.23640000000000266, 0.3545999999999965, 0.03191399999999959, 2364, 2955, 3546, 592118, 591118, 591, 1182, undefined, 1493684970131
Booster, Armed, 1305.9199999999946, 32.98935920000069, -106.97299080000352, 592, 1184, 1776, 0.23680000000000268, 0.35519999999999646, 0.03196799999999959, 2368, 2960, 3552, 592708, 591116, 592, 1184, undefined, 1493684970152
Sustainer, Armed, 1300.591999999986, 32.98935920000069, -106.97299080000352, 592, 1184, 1776, 0.23680000000000268, 0.35519999999999646, 0.03196799999999959, 2368, 2960, 3552, 593116, 592116, 592, 1184, undefined, 1493684970152
Booster, Armed, 1305.9299999999946, 32.98935930000069, -106.97299070000352, 593, 1186, 1779, 0.2372000000000027, 0.35579999999999645, 0.032021999999999586, 2372, 2965, 3558, 593707, 592114, 593, 1186, undefined, 1493684970173
Sustainer, Armed, 1300.592999999986, 32.98935930000069, -106.97299070000352, 593, 1186, 1779, 0.2372000000000027, 0.35579999999999645, 0.032021999999999586, 2372, 2965, 3558, 594114, 593114, 593, 1186, undefined, 1493684970173
Booster, Armed, 1305.9399999999946, 32.989359400000694, -106.97299060000353, 594, 1188, 1782, 0.2376000000000027, 0.35639999999999644, 0.032075999999999584, 2376, 2970, 3564, 594706, 593112, 594, 1188, undefined, 1493684970194
Sustainer, Armed, 1300.593999999986, 32.989359400000694, -106.97299060000353, 594, 1188, 1782, 0.2376000000000027, 0.35639999999999644, 0.032075999999999584, 2376, 2970, 3564, 595112, 594112, 594, 1188, undefined, 1493684970194
Booster, Armed, 1305.9499999999946, 32.989359500000695, -106.97299050000353, 595, 1190, 1785, 0.2380000000000027, 0.35699999999999643, 0.03212999999999958, 2380, 2975, 3570, 595705, 594110, 595, 1190, undefined, 1493684970215
Sustainer, Armed, 1300.594999999986, 32.989359500000695, -106.97299050000353, 595, 1190, 1785, 0.2380000000000027, 0.35699999999999643, 0.03212999999999958, 2380, 2975, 3570, 596110, 595110, 595, 1190, undefined, 1493684970215
Booster, Armed, 1305.9599999999946, 32.9893596000007, -106.97299040000354, 596, 1192, 1788, 0.23840000000000272, 0.3575999999999964, 0.03218399999999958, 2384, 2980, 3576, 596704, 595108, 596, 1192, undefined, 1493684970236
Sustainer, Armed, 1300.595999999986, 32.9893596000007, -106.97299040000354, 596, 1192, 1788, 0.23840000000000272, 0.3575999999999964, 0.03218399999999958, 2384, 2980, 3576, 597108, 596108, 596, 1192, undefined, 1493684970236
Booster, Armed, 1305.9699999999946, 32.9893597000007, -106.97299030000354, 597, 1194, 1791, 0.23880000000000273, 0.3581999999999964, 0.03223799999999958, 2388, 2985, 3582, 597703, 596106, 597, 1194, undefined, 1493684970258
Sustainer, Armed, 1300.5969999999859, 32.9893597000007, -106.97299030000354, 597, 1194, 1791, 0.23880000000000273, 0.3581999999999964, 0.03223799999999958, 2388, 2985, 3582, 598106, 597106, 597, 1194, undefined, 1493684970258
Booster, Armed, 1305.9799999999946, 32.9893598000007, -106.97299020000355, 598, 1196, 1794, 0.23920000000000274, 0.3587999999999964, 0.03229199999999958, 2392, 2990, 3588, 598702, 597104, 598, 1196, undefined, 1493684970279
Sustainer, Armed, 1300.5979999999859, 32.9893598000007, -106.97299020000355, 598, 1196, 1794, 0.23920000000000274, 0.3587999999999964, 0.03229199999999958, 2392, 2990, 3588, 599104, 598104, 598, 1196, undefined, 1493684970279
Booster, Armed, 1305.9899999999946, 32.9893599000007, -106.97299010000356, 599, 1198, 1797, 0.23960000000000276, 0.3593999999999964, 0.032345999999999576, 2396, 2995, 3594, 599701, 598102, 599, 1198, undefined, 1493684970300
Sustainer, Armed, 1300.5989999999858, 32.9893599000007, -106.97299010000356, 599, 1198, 1797, 0.23960000000000276, 0.3593999999999964, 0.032345999999999576, 2396, 2995, 3594, 600102, 599102, 599, 1198, undefined, 1493684970300
Booster, Armed, 1305.9999999999945, 32.9893600000007, -106.97299000000356, 600, 1200, 1800, 0.24000000000000277, 0.3599999999999964, 0.032399999999999575, 2400, 3000, 3600, 600700, 599100, 600, 1200, undefined, 1493684970320
Sustainer, Armed, 1300.5999999999858, 32.9893600000007, -106.97299000000356, 600, 1200, 1800, 0.24000000000000277, 0.3599999999999964, 0.032399999999999575, 2400, 3000, 3600, 601100, 600100, 600, 1200, undefined, 1493684970320
Booster, Armed, 1306.0099999999945, 32.9893601000007, -106.97298990000357, 601, 1202, 1803, 0.24040000000000278, 0.36059999999999637, 0.03245399999999957, 2404, 3005, 3606, 601699, 600098, 601, 1202, undefined, 1493684970340
Sustainer, Armed, 1300.6009999999858, 32.9893601000007, -106.97298990000357, 601, 1202, 1803, 0.24040000000000278, 0.36059999999999637, 0.03245399999999957, 2404, 3005, 3606, 602098, 601098, 601, 1202, undefined, 1493684970340
Booster, Armed, 1306.0199999999945, 32.989360200000704, -106.97298980000357, 602, 1204, 1806, 0.2408000000000028, 0.36119999999999636, 0.03250799999999957, 2408, 3010, 3612, 602698, 601096, 602, 1204, undefined, 1493684970360
Sustainer, Armed, 1300.6019999999858, 32.989360200000704, -106.97298980000357, 602, 1204, 1806, 0.2408000000000028, 0.36119999999999636, 0.03250799999999957, 2408, 3010, 3612, 603096, 602096, 602, 1204, undefined, 1493684970360
Booster, Armed, 1306.0299999999945, 32.989360300000705, -106.97298970000358, 603, 1206, 1809, 0.2412000000000028, 0.36179999999999635, 0.03256199999999957, 2412, 3015, 3618, 603697, 602094, 603, 1206, undefined, 1493684970380
Sustainer, Armed, 1300.6029999999857, 32.989360300000705, -106.97298970000358, 603, 1206, 1809, 0.2412000000000028, 0.36179999999999635, 0.03256199999999957, 2412, 3015, 3618, 604094, 603094, 603, 1206, undefined, 1493684970380
Booster, Armed, 1306.0399999999945, 32.989360400000706, -106.97298960000359, 604, 1208, 1812, 0.2416000000000028, 0.36239999999999634, 0.03261599999999957, 2416, 3020, 3624, 604696, 603092, 604, 1208, undefined, 1493684970400
Sustainer, Armed, 1300.6039999999857, 32.989360400000706, -106.97298960000359, 604, 1208, 1812, 0.2416000000000028, 0.36239999999999634, 0.03261599999999957, 2416, 3020, 3624, 605092, 604092, 604, 1208, undefined, 1493684970400
Booster, Armed, 1306.0499999999945, 32.98936050000071, -106.97298950000359, 605, 1210, 1815, 0.24200000000000282, 0.3629999999999963, 0.03266999999999957, 2420, 3025, 3630, 605695, 604090, 605, 1210, undefined, 1493684970420
Sustainer, Armed, 1300.6049999999857, 32.98936050000071, -106.97298950000359, 605, 1210, 1815, 0.24200000000000282, 0.3629999999999963, 0.03266999999999957, 2420, 3025, 3630, 606090, 605090, 605, 1210, undefined, 1493684970420
Booster, Armed, 1306.0599999999945, 32.98936060000071, -106.9729894000036, 606, 1212, 1818, 0.24240000000000284, 0.3635999999999963, 0.032723999999999566, 2424, 3030, 3636, 606694, 605088, 606, 1212, undefined, 1493684970440
Sustainer, Armed, 1300.6059999999857, 32.98936060000071, -106.9729894000036, 606, 1212, 1818, 0.24240000000000284, 0.3635999999999963, 0.032723999999999566, 2424, 3030, 3636, 607088, 606088, 606, 1212, undefined, 1493684970440
Booster, Armed, 1306.0699999999945, 32.98936070000071, -106.9729893000036, 607, 1214, 1821, 0.24280000000000285, 0.3641999999999963, 0.032777999999999564, 2428, 3035, 3642, 607693, 606086, 607, 1214, undefined, 1493684970460
Sustainer, Armed, 1300.6069999999856, 32.98936070000071, -106.9729893000036, 607, 1214, 1821, 0.24280000000000285, 0.3641999999999963, 0.032777999999999564, 2428, 3035, 3642, 608086, 607086, 607, 1214, undefined, 1493684970460
Booster, Armed, 1306.0799999999945, 32.98936080000071, -106.97298920000361, 608, 1216, 1824, 0.24320000000000286, 0.3647999999999963, 0.03283199999999956, 2432, 3040, 3648, 608692, 607084, 608, 1216, undefined, 1493684970480
Sustainer, Armed, 1300.6079999999856, 32.98936080000071, -106.97298920000361, 608, 1216, 1824, 0.24320000000000286, 0.3647999999999963, 0.03283199999999956, 2432, 3040, 3648, 609084, 608084, 608, 1216, undefined, 1493684970480
Booster, Armed, 1306.0899999999945, 32.98936090000071, -106.97298910000362, 609, 1218, 1827, 0.24360000000000287, 0.3653999999999963, 0.03288599999999956, 2436, 3045, 3654, 609691, 608082, 609, 1218, undefined, 1493684970500
Sustainer, Armed, 1300.6089999999856, 32.98936090000071, -106.97298910000362, 609, 1218, 1827, 0.24360000000000287, 0.3653999999999963, 0.03288599999999956, 2436, 3045, 3654, 610082, 609082, 609, 1218, undefined, 1493684970500
Booster, Armed, 1306.0999999999945, 32.98936100000071, -106.97298900000362, 610, 1220, 1830, 0.24400000000000288, 0.3659999999999963, 0.03293999999999956, 2440, 3050, 3660, 610690, 609080, 610, 1220, undefined, 1493684970520
Sustainer, Armed, 1300.6099999999856, 32.98936100000071, -106.97298900000362, 610, 1220, 1830, 0.24400000000000288, 0.3659999999999963, 0.03293999999999956, 2440, 3050, 3660, 611080, 610080, 610, 1220, undefined, 1493684970520
Booster, Armed, 1306.1099999999944, 32.989361100000714, -106.97298890000363, 611, 1222, 1833, 0.2444000000000029, 0.36659999999999626, 0.03299399999999956, 2444, 3055, 3666, 611689, 610078, 611, 1222, undefined, 1493684970540
Sustainer, Armed, 1300.6109999999856, 32.989361100000714, -106.97298890000363, 611, 1222, 1833, 0.2444000000000029, 0.36659999999999626, 0.03299399999999956, 2444, 3055, 3666, 612078, 611078, 611, 1222, undefined, 1493684970540
Booster, Armed, 1306.1199999999944, 32.989361200000715, -106.97298880000363, 612, 1224, 1836, 0.2448000000000029, 0.36719999999999625, 0.03304799999999956, 2448, 3060, 3672, 612688, 611076, 612, 1224, undefined, 1493684970561
Sustainer, Armed, 1300.6119999999855, 32.989361200000715, -106.97298880000363, 612, 1224, 1836, 0.2448000000000029, 0.36719999999999625, 0.03304799999999956, 2448, 3060, 3672, 613076, 612076, 612, 1224, undefined, 1493684970561
Booster, Armed, 1306.1299999999944, 32.989361300000716, -106.97298870000364, 613, 1226, 1839, 0.24520000000000292, 0.36779999999999624, 0.033101999999999555, 2452, 3065, 3678, 613687, 612074, 613, 1226, undefined, 1493684970581
Sustainer, Armed, 1300.6129999999855, 32.989361300000716, -106.97298870000364, 613, 1226, 1839, 0.24520000000000292, 0.36779999999999624, 0.033101999999999555, 2452, 3065, 3678, 614074, 613074, 613, 1226, undefined, 1493684970581
Booster, Armed, 1306.1399999999944, 32.98936140000072, -106.97298860000365, 614, 1228, 1842, 0.24560000000000293, 0.36839999999999623, 0.033155999999999554, 2456, 3070, 3684, 614686, 613072, 614, 1228, undefined, 1493684970601
Sustainer, Armed, 1300.6139999999855, 32.98936140000072, -106.97298860000365, 614, 1228, 1842, 0.24560000000000293, 0.36839999999999623, 0.033155999999999554, 2456, 3070, 3684, 615072, 614072, 614, 1228, undefined, 1493684970601
Booster, Armed, 1306.1499999999944, 32.98936150000072, -106.97298850000365, 615, 1230, 1845, 0.24600000000000294, 0.3689999999999962, 0.03320999999999955, 2460, 3075, 3690, 615685, 614070, 615, 1230, undefined, 1493684970620
Sustainer, Armed, 1300.6149999999855, 32.98936150000072, -106.97298850000365, 615, 1230, 1845, 0.24600000000000294, 0.3689999999999962, 0.03320999999999955, 2460, 3075, 3690, 616070, 615070, 615, 1230, undefined, 1493684970620
Booster, Armed, 1306.1599999999944, 32.98936160000072, -106.97298840000366, 616, 1232, 1848, 0.24640000000000295, 0.3695999999999962, 0.03326399999999955, 2464, 3080, 3696, 616684, 615068, 616, 1232, undefined, 1493684970643
Sustainer, Armed, 1300.6159999999854, 32.98936160000072, -106.97298840000366, 616, 1232, 1848, 0.24640000000000295, 0.3695999999999962, 0.03326399999999955, 2464, 3080, 3696, 617068, 616068, 616, 1232, undefined, 1493684970646
Booster, Armed, 1306.1699999999944, 32.98936170000072, -106.97298830000366, 617, 1234, 1851, 0.24680000000000296, 0.3701999999999962, 0.03331799999999955, 2468, 3085, 3702, 617683, 616066, 617, 1234, undefined, 1493684970666
Sustainer, Armed, 1300.6169999999854, 32.98936170000072, -106.97298830000366, 617, 1234, 1851, 0.24680000000000296, 0.3701999999999962, 0.03331799999999955, 2468, 3085, 3702, 618066, 617066, 617, 1234, undefined, 1493684970666
Booster, Armed, 1306.1799999999944, 32.98936180000072, -106.97298820000367, 618, 1236, 1854, 0.24720000000000297, 0.3707999999999962, 0.03337199999999955, 2472, 3090, 3708, 618682, 617064, 618, 1236, undefined, 1493684970686
Sustainer, Armed, 1300.6179999999854, 32.98936180000072, -106.97298820000367, 618, 1236, 1854, 0.24720000000000297, 0.3707999999999962, 0.03337199999999955, 2472, 3090, 3708, 619064, 618064, 618, 1236, undefined, 1493684970686
Booster, Armed, 1306.1899999999944, 32.98936190000072, -106.97298810000368, 619, 1238, 1857, 0.24760000000000298, 0.3713999999999962, 0.033425999999999546, 2476, 3095, 3714, 619681, 618062, 619, 1238, undefined, 1493684970706
Sustainer, Armed, 1300.6189999999854, 32.98936190000072, -106.97298810000368, 619, 1238, 1857, 0.24760000000000298, 0.3713999999999962, 0.033425999999999546, 2476, 3095, 3714, 620062, 619062, 619, 1238, undefined, 1493684970706
Booster, Armed, 1306.1999999999944, 32.989362000000725, -106.97298800000368, 620, 1240, 1860, 0.248000000000003, 0.37199999999999617, 0.033479999999999545, 2480, 3100, 3720, 620680, 619060, 620, 1240, undefined, 1493684970726
Sustainer, Armed, 1300.6199999999853, 32.989362000000725, -106.97298800000368, 620, 1240, 1860, 0.248000000000003, 0.37199999999999617, 0.033479999999999545, 2480, 3100, 3720, 621060, 620060, 620, 1240, undefined, 1493684970726
Booster, Armed, 1306.2099999999944, 32.989362100000726, -106.97298790000369, 621, 1242, 1863, 0.248400000000003, 0.37259999999999616, 0.03353399999999954, 2484, 3105, 3726, 621679, 620058, 621, 1242, undefined, 1493684970747
Sustainer, Armed, 1300.6209999999853, 32.989362100000726, -106.97298790000369, 621, 1242, 1863, 0.248400000000003, 0.37259999999999616, 0.03353399999999954, 2484, 3105, 3726, 622058, 621058, 621, 1242, undefined, 1493684970747
Booster, Armed, 1306.2199999999943, 32.98936220000073, -106.9729878000037, 622, 1244, 1866, 0.24880000000000302, 0.37319999999999615, 0.03358799999999954, 2488, 3110, 3732, 622678, 621056, 622, 1244, undefined, 1493684970766
Sustainer, Armed, 1300.6219999999853, 32.98936220000073, -106.9729878000037, 622, 1244, 1866, 0.24880000000000302, 0.37319999999999615, 0.03358799999999954, 2488, 3110, 3732, 623056, 622056, 622, 1244, undefined, 1493684970766
Booster, Armed, 1306.2299999999943, 32.98936230000073, -106.9729877000037, 623, 1246, 1869, 0.24920000000000303, 0.37379999999999614, 0.03364199999999954, 2492, 3115, 3738, 623677, 622054, 623, 1246, undefined, 1493684970786
Sustainer, Armed, 1300.6229999999853, 32.98936230000073, -106.9729877000037, 623, 1246, 1869, 0.24920000000000303, 0.37379999999999614, 0.03364199999999954, 2492, 3115, 3738, 624054, 623054, 623, 1246, undefined, 1493684970786
Booster, Armed, 1306.2399999999943, 32.98936240000073, -106.9729876000037, 624, 1248, 1872, 0.24960000000000304, 0.3743999999999961, 0.03369599999999954, 2496, 3120, 3744, 624676, 623052, 624, 1248, undefined, 1493684970806
Sustainer, Armed, 1300.6239999999852, 32.98936240000073, -106.9729876000037, 624, 1248, 1872, 0.24960000000000304, 0.3743999999999961, 0.03369599999999954, 2496, 3120, 3744, 625052, 624052, 624, 1248, undefined, 1493684970806
Booster, Armed, 1306.2499999999943, 32.98936250000073, -106.97298750000371, 625, 1250, 1875, 0.25000000000000305, 0.3749999999999961, 0.03374999999999954, 2500, 3125, 3750, 625675, 624050, 625, 1250, undefined, 1493684970827
Sustainer, Armed, 1300.6249999999852, 32.98936250000073, -106.97298750000371, 625, 1250, 1875, 0.25000000000000305, 0.3749999999999961, 0.03374999999999954, 2500, 3125, 3750, 626050, 625050, 625, 1250, undefined, 1493684970827
Booster, Armed, 1306.2599999999943, 32.98936260000073, -106.97298740000372, 626, 1252, 1878, 0.25040000000000306, 0.3755999999999961, 0.033803999999999536, 2504, 3130, 3756, 626674, 625048, 626, 1252, undefined, 1493684970847
Sustainer, Armed, 1300.6259999999852, 32.98936260000073, -106.97298740000372, 626, 1252, 1878, 0.25040000000000306, 0.3755999999999961, 0.033803999999999536, 2504, 3130, 3756, 627048, 626048, 626, 1252, undefined, 1493684970847
Booster, Armed, 1306.2699999999943, 32.98936270000073, -106.97298730000372, 627, 1254, 1881, 0.2508000000000031, 0.3761999999999961, 0.033857999999999534, 2508, 3135, 3762, 627673, 626046, 627, 1254, undefined, 1493684970867
Sustainer, Armed, 1300.6269999999852, 32.98936270000073, -106.97298730000372, 627, 1254, 1881, 0.2508000000000031, 0.3761999999999961, 0.033857999999999534, 2508, 3135, 3762, 628046, 627046, 627, 1254, undefined, 1493684970867
Booster, Armed, 1306.2799999999943, 32.989362800000734, -106.97298720000373, 628, 1256, 1884, 0.2512000000000031, 0.3767999999999961, 0.03391199999999953, 2512, 3140, 3768, 628672, 627044, 628, 1256, undefined, 1493684970887
Sustainer, Armed, 1300.6279999999851, 32.989362800000734, -106.97298720000373, 628, 1256, 1884, 0.2512000000000031, 0.3767999999999961, 0.03391199999999953, 2512, 3140, 3768, 629044, 628044, 628, 1256, undefined, 1493684970887
Booster, Armed, 1306.2899999999943, 32.989362900000735, -106.97298710000373, 629, 1258, 1887, 0.2516000000000031, 0.37739999999999607, 0.03396599999999953, 2516, 3145, 3774, 629671, 628042, 629, 1258, undefined, 1493684970908
Sustainer, Armed, 1300.6289999999851, 32.989362900000735, -106.97298710000373, 629, 1258, 1887, 0.2516000000000031, 0.37739999999999607, 0.03396599999999953, 2516, 3145, 3774, 630042, 629042, 629, 1258, undefined, 1493684970908
Booster, Armed, 1306.2999999999943, 32.989363000000736, -106.97298700000374, 630, 1260, 1890, 0.2520000000000031, 0.37799999999999606, 0.03401999999999953, 2520, 3150, 3780, 630670, 629040, 630, 1260, undefined, 1493684970928
Sustainer, Armed, 1300.629999999985, 32.989363000000736, -106.97298700000374, 630, 1260, 1890, 0.2520000000000031, 0.37799999999999606, 0.03401999999999953, 2520, 3150, 3780, 631040, 630040, 630, 1260, undefined, 1493684970928
Booster, Armed, 1306.3099999999943, 32.98936310000074, -106.97298690000375, 631, 1262, 1893, 0.2524000000000031, 0.37859999999999605, 0.03407399999999953, 2524, 3155, 3786, 631669, 630038, 631, 1262, undefined, 1493684970948
Sustainer, Armed, 1300.630999999985, 32.98936310000074, -106.97298690000375, 631, 1262, 1893, 0.2524000000000031, 0.37859999999999605, 0.03407399999999953, 2524, 3155, 3786, 632038, 631038, 631, 1262, undefined, 1493684970948
Booster, Armed, 1306.3199999999943, 32.98936320000074, -106.97298680000375, 632, 1264, 1896, 0.25280000000000313, 0.37919999999999604, 0.03412799999999953, 2528, 3160, 3792, 632668, 631036, 632, 1264, undefined, 1493684970968
Sustainer, Armed, 1300.631999999985, 32.98936320000074, -106.97298680000375, 632, 1264, 1896, 0.25280000000000313, 0.37919999999999604, 0.03412799999999953, 2528, 3160, 3792, 633036, 632036, 632, 1264, undefined, 1493684970968
Booster, Armed, 1306.3299999999942, 32.98936330000074, -106.97298670000376, 633, 1266, 1899, 0.25320000000000314, 0.37979999999999603, 0.034181999999999525, 2532, 3165, 3798, 633667, 632034, 633, 1266, undefined, 1493684970988
Sustainer, Armed, 1300.632999999985, 32.98936330000074, -106.97298670000376, 633, 1266, 1899, 0.25320000000000314, 0.37979999999999603, 0.034181999999999525, 2532, 3165, 3798, 634034, 633034, 633, 1266, undefined, 1493684970988
Booster, Armed, 1306.3399999999942, 32.98936340000074, -106.97298660000376, 634, 1268, 1902, 0.25360000000000316, 0.380399999999996, 0.034235999999999524, 2536, 3170, 3804, 634666, 633032, 634, 1268, undefined, 1493684971008
Sustainer, Armed, 1300.633999999985, 32.98936340000074, -106.97298660000376, 634, 1268, 1902, 0.25360000000000316, 0.380399999999996, 0.034235999999999524, 2536, 3170, 3804, 635032, 634032, 634, 1268, undefined, 1493684971008
Booster, Armed, 1306.3499999999942, 32.98936350000074, -106.97298650000377, 635, 1270, 1905, 0.25400000000000317, 0.380999999999996, 0.03428999999999952, 2540, 3175, 3810, 635665, 634030, 635, 1270, undefined, 1493684971029
Sustainer, Armed, 1300.634999999985, 32.98936350000074, -106.97298650000377, 635, 1270, 1905, 0.25400000000000317, 0.380999999999996, 0.03428999999999952, 2540, 3175, 3810, 636030, 635030, 635, 1270, undefined, 1493684971029
Booster, Armed, 1306.3599999999942, 32.98936360000074, -106.97298640000378, 636, 1272, 1908, 0.2544000000000032, 0.381599999999996, 0.03434399999999952, 2544, 3180, 3816, 636664, 635028, 636, 1272, undefined, 1493684971049
Sustainer, Armed, 1300.635999999985, 32.98936360000074, -106.97298640000378, 636, 1272, 1908, 0.2544000000000032, 0.381599999999996, 0.03434399999999952, 2544, 3180, 3816, 637028, 636028, 636, 1272, undefined, 1493684971049
Booster, Armed, 1306.3699999999942, 32.989363700000744, -106.97298630000378, 637, 1274, 1911, 0.2548000000000032, 0.382199999999996, 0.03439799999999952, 2548, 3185, 3822, 637663, 636026, 637, 1274, undefined, 1493684971069
Sustainer, Armed, 1300.636999999985, 32.989363700000744, -106.97298630000378, 637, 1274, 1911, 0.2548000000000032, 0.382199999999996, 0.03439799999999952, 2548, 3185, 3822, 638026, 637026, 637, 1274, undefined, 1493684971069
Booster, Armed, 1306.3799999999942, 32.989363800000746, -106.97298620000379, 638, 1276, 1914, 0.2552000000000032, 0.382799999999996, 0.03445199999999952, 2552, 3190, 3828, 638662, 637024, 638, 1276, undefined, 1493684971090
Sustainer, Armed, 1300.637999999985, 32.989363800000746, -106.97298620000379, 638, 1276, 1914, 0.2552000000000032, 0.382799999999996, 0.03445199999999952, 2552, 3190, 3828, 639024, 638024, 638, 1276, undefined, 1493684971090
Booster, Armed, 1306.3899999999942, 32.98936390000075, -106.9729861000038, 639, 1278, 1917, 0.2556000000000032, 0.38339999999999597, 0.034505999999999516, 2556, 3195, 3834, 639661, 638022, 639, 1278, undefined, 1493684971112
Sustainer, Armed, 1300.638999999985, 32.98936390000075, -106.9729861000038, 639, 1278, 1917, 0.2556000000000032, 0.38339999999999597, 0.034505999999999516, 2556, 3195, 3834, 640022, 639022, 639, 1278, undefined, 1493684971112
Booster, Armed, 1306.3999999999942, 32.98936400000075, -106.9729860000038, 640, 1280, 1920, 0.2560000000000032, 0.38399999999999596, 0.034559999999999515, 2560, 3200, 3840, 640660, 639020, 640, 1280, undefined, 1493684971133
Sustainer, Armed, 1300.6399999999849, 32.98936400000075, -106.9729860000038, 640, 1280, 1920, 0.2560000000000032, 0.38399999999999596, 0.034559999999999515, 2560, 3200, 3840, 641020, 640020, 640, 1280, undefined, 1493684971133
Booster, Armed, 1306.4099999999942, 32.98936410000075, -106.9729859000038, 641, 1282, 1923, 0.25640000000000324, 0.38459999999999595, 0.03461399999999951, 2564, 3205, 3846, 641659, 640018, 641, 1282, undefined, 1493684971153
Sustainer, Armed, 1300.6409999999848, 32.98936410000075, -106.9729859000038, 641, 1282, 1923, 0.25640000000000324, 0.38459999999999595, 0.03461399999999951, 2564, 3205, 3846, 642018, 641018, 641, 1282, undefined, 1493684971153
Booster, Armed, 1306.4199999999942, 32.98936420000075, -106.97298580000381, 642, 1284, 1926, 0.25680000000000325, 0.38519999999999593, 0.03466799999999951, 2568, 3210, 3852, 642658, 641016, 642, 1284, undefined, 1493684971173
Sustainer, Armed, 1300.6419999999848, 32.98936420000075, -106.97298580000381, 642, 1284, 1926, 0.25680000000000325, 0.38519999999999593, 0.03466799999999951, 2568, 3210, 3852, 643016, 642016, 642, 1284, undefined, 1493684971173
Booster, Armed, 1306.4299999999942, 32.98936430000075, -106.97298570000382, 643, 1286, 1929, 0.25720000000000326, 0.3857999999999959, 0.03472199999999951, 2572, 3215, 3858, 643657, 642014, 643, 1286, undefined, 1493684971194
Sustainer, Armed, 1300.6429999999848, 32.98936430000075, -106.97298570000382, 643, 1286, 1929, 0.25720000000000326, 0.3857999999999959, 0.03472199999999951, 2572, 3215, 3858, 644014, 643014, 643, 1286, undefined, 1493684971194
Booster, Armed, 1306.4399999999941, 32.98936440000075, -106.97298560000382, 644, 1288, 1932, 0.25760000000000327, 0.3863999999999959, 0.03477599999999951, 2576, 3220, 3864, 644656, 643012, 644, 1288, undefined, 1493684971214
Sustainer, Armed, 1300.6439999999848, 32.98936440000075, -106.97298560000382, 644, 1288, 1932, 0.25760000000000327, 0.3863999999999959, 0.03477599999999951, 2576, 3220, 3864, 645012, 644012, 644, 1288, undefined, 1493684971214
Booster, Armed, 1306.4499999999941, 32.989364500000754, -106.97298550000383, 645, 1290, 1935, 0.2580000000000033, 0.3869999999999959, 0.03482999999999951, 2580, 3225, 3870, 645655, 644010, 645, 1290, undefined, 1493684971234
Sustainer, Armed, 1300.6449999999847, 32.989364500000754, -106.97298550000383, 645, 1290, 1935, 0.2580000000000033, 0.3869999999999959, 0.03482999999999951, 2580, 3225, 3870, 646010, 645010, 645, 1290, undefined, 1493684971234
Booster, Armed, 1306.4599999999941, 32.989364600000755, -106.97298540000384, 646, 1292, 1938, 0.2584000000000033, 0.3875999999999959, 0.034883999999999506, 2584, 3230, 3876, 646654, 645008, 646, 1292, undefined, 1493684971254
Sustainer, Armed, 1300.6459999999847, 32.989364600000755, -106.97298540000384, 646, 1292, 1938, 0.2584000000000033, 0.3875999999999959, 0.034883999999999506, 2584, 3230, 3876, 647008, 646008, 646, 1292, undefined, 1493684971254
Booster, Armed, 1306.4699999999941, 32.989364700000756, -106.97298530000384, 647, 1294, 1941, 0.2588000000000033, 0.3881999999999959, 0.034937999999999504, 2588, 3235, 3882, 647653, 646006, 647, 1294, undefined, 1493684971275
Sustainer, Armed, 1300.6469999999847, 32.989364700000756, -106.97298530000384, 647, 1294, 1941, 0.2588000000000033, 0.3881999999999959, 0.034937999999999504, 2588, 3235, 3882, 648006, 647006, 647, 1294, undefined, 1493684971275
Booster, Armed, 1306.479999999994, 32.98936480000076, -106.97298520000385, 648, 1296, 1944, 0.2592000000000033, 0.38879999999999587, 0.0349919999999995, 2592, 3240, 3888, 648652, 647004, 648, 1296, undefined, 1493684971295
Sustainer, Armed, 1300.6479999999847, 32.98936480000076, -106.97298520000385, 648, 1296, 1944, 0.2592000000000033, 0.38879999999999587, 0.0349919999999995, 2592, 3240, 3888, 649004, 648004, 648, 1296, undefined, 1493684971295
Booster, Armed, 1306.489999999994, 32.98936490000076, -106.97298510000385, 649, 1298, 1947, 0.25960000000000333, 0.38939999999999586, 0.0350459999999995, 2596, 3245, 3894, 649651, 648002, 649, 1298, undefined, 1493684971315
Sustainer, Armed, 1300.6489999999847, 32.98936490000076, -106.97298510000385, 649, 1298, 1947, 0.25960000000000333, 0.38939999999999586, 0.0350459999999995, 2596, 3245, 3894, 650002, 649002, 649, 1298, undefined, 1493684971315
Booster, Armed, 1306.499999999994, 32.98936500000076, -106.97298500000386, 650, 1300, 1950, 0.26000000000000334, 0.38999999999999585, 0.0350999999999995, 2600, 3250, 3900, 650650, 649000, 650, 1300, undefined, 1493684971335
Sustainer, Armed, 1300.6499999999846, 32.98936500000076, -106.97298500000386, 650, 1300, 1950, 0.26000000000000334, 0.38999999999999585, 0.0350999999999995, 2600, 3250, 3900, 651000, 650000, 650, 1300, undefined, 1493684971335
Booster, Armed, 1306.509999999994, 32.98936510000076, -106.97298490000387, 651, 1302, 1953, 0.26040000000000335, 0.39059999999999584, 0.0351539999999995, 2604, 3255, 3906, 651649, 649998, 651, 1302, undefined, 1493684971355
Sustainer, Armed, 1300.6509999999846, 32.98936510000076, -106.97298490000387, 651, 1302, 1953, 0.26040000000000335, 0.39059999999999584, 0.0351539999999995, 2604, 3255, 3906, 651998, 650998, 651, 1302, undefined, 1493684971355
Booster, Armed, 1306.519999999994, 32.98936520000076, -106.97298480000387, 652, 1304, 1956, 0.26080000000000336, 0.39119999999999583, 0.0352079999999995, 2608, 3260, 3912, 652648, 650996, 652, 1304, undefined, 1493684971376
Sustainer, Armed, 1300.6519999999846, 32.98936520000076, -106.97298480000387, 652, 1304, 1956, 0.26080000000000336, 0.39119999999999583, 0.0352079999999995, 2608, 3260, 3912, 652996, 651996, 652, 1304, undefined, 1493684971376
Booster, Armed, 1306.529999999994, 32.98936530000076, -106.97298470000388, 653, 1306, 1959, 0.2612000000000034, 0.3917999999999958, 0.035261999999999495, 2612, 3265, 3918, 653647, 651994, 653, 1306, undefined, 1493684971397
Sustainer, Armed, 1300.6529999999846, 32.98936530000076, -106.97298470000388, 653, 1306, 1959, 0.2612000000000034, 0.3917999999999958, 0.035261999999999495, 2612, 3265, 3918, 653994, 652994, 653, 1306, undefined, 1493684971397
Booster, Armed, 1306.539999999994, 32.989365400000764, -106.97298460000388, 654, 1308, 1962, 0.2616000000000034, 0.3923999999999958, 0.035315999999999494, 2616, 3270, 3924, 654646, 652992, 654, 1308, undefined, 1493684971419
Sustainer, Armed, 1300.6539999999845, 32.989365400000764, -106.97298460000388, 654, 1308, 1962, 0.2616000000000034, 0.3923999999999958, 0.035315999999999494, 2616, 3270, 3924, 654992, 653992, 654, 1308, undefined, 1493684971419
Booster, Armed, 1306.549999999994, 32.989365500000766, -106.97298450000389, 655, 1310, 1965, 0.2620000000000034, 0.3929999999999958, 0.03536999999999949, 2620, 3275, 3930, 655645, 653990, 655, 1310, undefined, 1493684971441
Sustainer, Armed, 1300.6549999999845, 32.989365500000766, -106.97298450000389, 655, 1310, 1965, 0.2620000000000034, 0.3929999999999958, 0.03536999999999949, 2620, 3275, 3930, 655990, 654990, 655, 1310, undefined, 1493684971441
Booster, Armed, 1306.559999999994, 32.98936560000077, -106.9729844000039, 656, 1312, 1968, 0.2624000000000034, 0.3935999999999958, 0.03542399999999949, 2624, 3280, 3936, 656644, 654988, 656, 1312, undefined, 1493684971462
Sustainer, Armed, 1300.6559999999845, 32.98936560000077, -106.9729844000039, 656, 1312, 1968, 0.2624000000000034, 0.3935999999999958, 0.03542399999999949, 2624, 3280, 3936, 656988, 655988, 656, 1312, undefined, 1493684971462
Booster, Armed, 1306.569999999994, 32.98936570000077, -106.9729843000039, 657, 1314, 1971, 0.2628000000000034, 0.3941999999999958, 0.03547799999999949, 2628, 3285, 3942, 657643, 655986, 657, 1314, undefined, 1493684971483
Sustainer, Armed, 1300.6569999999845, 32.98936570000077, -106.9729843000039, 657, 1314, 1971, 0.2628000000000034, 0.3941999999999958, 0.03547799999999949, 2628, 3285, 3942, 657986, 656986, 657, 1314, undefined, 1493684971483
Booster, Armed, 1306.579999999994, 32.98936580000077, -106.9729842000039, 658, 1316, 1974, 0.26320000000000343, 0.39479999999999577, 0.03553199999999949, 2632, 3290, 3948, 658642, 656984, 658, 1316, undefined, 1493684971504
Sustainer, Armed, 1300.6579999999844, 32.98936580000077, -106.9729842000039, 658, 1316, 1974, 0.26320000000000343, 0.39479999999999577, 0.03553199999999949, 2632, 3290, 3948, 658984, 657984, 658, 1316, undefined, 1493684971504
Booster, Armed, 1306.589999999994, 32.98936590000077, -106.97298410000391, 659, 1318, 1977, 0.26360000000000344, 0.39539999999999575, 0.035585999999999486, 2636, 3295, 3954, 659641, 657982, 659, 1318, undefined, 1493684971525
Sustainer, Armed, 1300.6589999999844, 32.98936590000077, -106.97298410000391, 659, 1318, 1977, 0.26360000000000344, 0.39539999999999575, 0.035585999999999486, 2636, 3295, 3954, 659982, 658982, 659, 1318, undefined, 1493684971525
Booster, Armed, 1306.599999999994, 32.98936600000077, -106.97298400000392, 660, 1320, 1980, 0.26400000000000345, 0.39599999999999574, 0.035639999999999485, 2640, 3300, 3960, 660640, 658980, 660, 1320, undefined, 1493684971547
Sustainer, Armed, 1300.6599999999844, 32.98936600000077, -106.97298400000392, 660, 1320, 1980, 0.26400000000000345, 0.39599999999999574, 0.035639999999999485, 2640, 3300, 3960, 660980, 659980, 660, 1320, undefined, 1493684971547
Booster, Armed, 1306.609999999994, 32.98936610000077, -106.97298390000392, 661, 1322, 1983, 0.26440000000000347, 0.39659999999999573, 0.03569399999999948, 2644, 3305, 3966, 661639, 659978, 661, 1322, undefined, 1493684971568
Sustainer, Armed, 1300.6609999999844, 32.98936610000077, -106.97298390000392, 661, 1322, 1983, 0.26440000000000347, 0.39659999999999573, 0.03569399999999948, 2644, 3305, 3966, 661978, 660978, 661, 1322, undefined, 1493684971568
Booster, Armed, 1306.619999999994, 32.989366200000774, -106.97298380000393, 662, 1324, 1986, 0.2648000000000035, 0.3971999999999957, 0.03574799999999948, 2648, 3310, 3972, 662638, 660976, 662, 1324, undefined, 1493684971589
Sustainer, Armed, 1300.6619999999843, 32.989366200000774, -106.97298380000393, 662, 1324, 1986, 0.2648000000000035, 0.3971999999999957, 0.03574799999999948, 2648, 3310, 3972, 662976, 661976, 662, 1324, undefined, 1493684971589
Booster, Armed, 1306.629999999994, 32.989366300000775, -106.97298370000394, 663, 1326, 1989, 0.2652000000000035, 0.3977999999999957, 0.03580199999999948, 2652, 3315, 3978, 663637, 661974, 663, 1326, undefined, 1493684971610
Sustainer, Armed, 1300.6629999999843, 32.989366300000775, -106.97298370000394, 663, 1326, 1989, 0.2652000000000035, 0.3977999999999957, 0.03580199999999948, 2652, 3315, 3978, 663974, 662974, 663, 1326, undefined, 1493684971610
Booster, Armed, 1306.639999999994, 32.989366400000776, -106.97298360000394, 664, 1328, 1992, 0.2656000000000035, 0.3983999999999957, 0.03585599999999948, 2656, 3320, 3984, 664636, 662972, 664, 1328, undefined, 1493684971631
Sustainer, Armed, 1300.6639999999843, 32.989366400000776, -106.97298360000394, 664, 1328, 1992, 0.2656000000000035, 0.3983999999999957, 0.03585599999999948, 2656, 3320, 3984, 664972, 663972, 664, 1328, undefined, 1493684971631
Booster, Armed, 1306.649999999994, 32.98936650000078, -106.97298350000395, 665, 1330, 1995, 0.2660000000000035, 0.3989999999999957, 0.03590999999999948, 2660, 3325, 3990, 665635, 663970, 665, 1330, undefined, 1493684971652
Sustainer, Armed, 1300.6649999999843, 32.98936650000078, -106.97298350000395, 665, 1330, 1995, 0.2660000000000035, 0.3989999999999957, 0.03590999999999948, 2660, 3325, 3990, 665970, 664970, 665, 1330, undefined, 1493684971652
Booster, Armed, 1306.659999999994, 32.98936660000078, -106.97298340000395, 666, 1332, 1998, 0.2664000000000035, 0.3995999999999957, 0.035963999999999476, 2664, 3330, 3996, 666634, 664968, 666, 1332, undefined, 1493684971673
Sustainer, Armed, 1300.6659999999843, 32.98936660000078, -106.97298340000395, 666, 1332, 1998, 0.2664000000000035, 0.3995999999999957, 0.035963999999999476, 2664, 3330, 3996, 666968, 665968, 666, 1332, undefined, 1493684971673
Booster, Armed, 1306.669999999994, 32.98936670000078, -106.97298330000396, 667, 1334, 2001, 0.26680000000000353, 0.40019999999999567, 0.036017999999999474, 2668, 3335, 4002, 667633, 665966, 667, 1334, undefined, 1493684971693
Sustainer, Armed, 1300.6669999999842, 32.98936670000078, -106.97298330000396, 667, 1334, 2001, 0.26680000000000353, 0.40019999999999567, 0.036017999999999474, 2668, 3335, 4002, 667966, 666966, 667, 1334, undefined, 1493684971693
Booster, Armed, 1306.679999999994, 32.98936680000078, -106.97298320000397, 668, 1336, 2004, 0.26720000000000355, 0.40079999999999566, 0.03607199999999947, 2672, 3340, 4008, 668632, 666964, 668, 1336, undefined, 1493684971714
Sustainer, Armed, 1300.6679999999842, 32.98936680000078, -106.97298320000397, 668, 1336, 2004, 0.26720000000000355, 0.40079999999999566, 0.03607199999999947, 2672, 3340, 4008, 668964, 667964, 668, 1336, undefined, 1493684971714
Booster, Armed, 1306.689999999994, 32.98936690000078, -106.97298310000397, 669, 1338, 2007, 0.26760000000000356, 0.40139999999999565, 0.03612599999999947, 2676, 3345, 4014, 669631, 667962, 669, 1338, undefined, 1493684971735
Sustainer, Armed, 1300.6689999999842, 32.98936690000078, -106.97298310000397, 669, 1338, 2007, 0.26760000000000356, 0.40139999999999565, 0.03612599999999947, 2676, 3345, 4014, 669962, 668962, 669, 1338, undefined, 1493684971735
Booster, Armed, 1306.699999999994, 32.98936700000078, -106.97298300000398, 670, 1340, 2010, 0.26800000000000357, 0.40199999999999564, 0.03617999999999947, 2680, 3350, 4020, 670630, 668960, 670, 1340, undefined, 1493684971755
Sustainer, Armed, 1300.6699999999842, 32.98936700000078, -106.97298300000398, 670, 1340, 2010, 0.26800000000000357, 0.40199999999999564, 0.03617999999999947, 2680, 3350, 4020, 670960, 669960, 670, 1340, undefined, 1493684971755
Booster, Armed, 1306.709999999994, 32.989367100000784, -106.97298290000398, 671, 1342, 2013, 0.2684000000000036, 0.40259999999999563, 0.03623399999999947, 2684, 3355, 4026, 671629, 669958, 671, 1342, undefined, 1493684971775
Sustainer, Armed, 1300.6709999999841, 32.989367100000784, -106.97298290000398, 671, 1342, 2013, 0.2684000000000036, 0.40259999999999563, 0.03623399999999947, 2684, 3355, 4026, 671958, 670958, 671, 1342, undefined, 1493684971775
Booster, Armed, 1306.719999999994, 32.989367200000785, -106.97298280000399, 672, 1344, 2016, 0.2688000000000036, 0.4031999999999956, 0.036287999999999467, 2688, 3360, 4032, 672628, 670956, 672, 1344, undefined, 1493684971795
Sustainer, Armed, 1300.671999999984, 32.989367200000785, -106.97298280000399, 672, 1344, 2016, 0.2688000000000036, 0.4031999999999956, 0.036287999999999467, 2688, 3360, 4032, 672956, 671956, 672, 1344, undefined, 1493684971795
Booster, Armed, 1306.7299999999939, 32.98936730000079, -106.972982700004, 673, 1346, 2019, 0.2692000000000036, 0.4037999999999956, 0.036341999999999465, 2692, 3365, 4038, 673627, 671954, 673, 1346, undefined, 1493684971815
Sustainer, Armed, 1300.672999999984, 32.98936730000079, -106.972982700004, 673, 1346, 2019, 0.2692000000000036, 0.4037999999999956, 0.036341999999999465, 2692, 3365, 4038, 673954, 672954, 673, 1346, undefined, 1493684971815
Booster, Armed, 1306.7399999999939, 32.98936740000079, -106.972982600004, 674, 1348, 2022, 0.2696000000000036, 0.4043999999999956, 0.036395999999999464, 2696, 3370, 4044, 674626, 672952, 674, 1348, undefined, 1493684971835
Sustainer, Armed, 1300.673999999984, 32.98936740000079, -106.972982600004, 674, 1348, 2022, 0.2696000000000036, 0.4043999999999956, 0.036395999999999464, 2696, 3370, 4044, 674952, 673952, 674, 1348, undefined, 1493684971835
Booster, Armed, 1306.7499999999939, 32.98936750000079, -106.97298250000401, 675, 1350, 2025, 0.2700000000000036, 0.4049999999999956, 0.03644999999999946, 2700, 3375, 4050, 675625, 673950, 675, 1350, undefined, 1493684971855
Sustainer, Armed, 1300.674999999984, 32.98936750000079, -106.97298250000401, 675, 1350, 2025, 0.2700000000000036, 0.4049999999999956, 0.03644999999999946, 2700, 3375, 4050, 675950, 674950, 675, 1350, undefined, 1493684971855
Booster, Armed, 1306.7599999999939, 32.98936760000079, -106.97298240000401, 676, 1352, 2028, 0.27040000000000364, 0.4055999999999956, 0.03650399999999946, 2704, 3380, 4056, 676624, 674948, 676, 1352, undefined, 1493684971875
Sustainer, Armed, 1300.675999999984, 32.98936760000079, -106.97298240000401, 676, 1352, 2028, 0.27040000000000364, 0.4055999999999956, 0.03650399999999946, 2704, 3380, 4056, 676948, 675948, 676, 1352, undefined, 1493684971875
Booster, Armed, 1306.7699999999938, 32.98936770000079, -106.97298230000402, 677, 1354, 2031, 0.27080000000000365, 0.40619999999999556, 0.03655799999999946, 2708, 3385, 4062, 677623, 675946, 677, 1354, undefined, 1493684971896
Sustainer, Armed, 1300.676999999984, 32.98936770000079, -106.97298230000402, 677, 1354, 2031, 0.27080000000000365, 0.40619999999999556, 0.03655799999999946, 2708, 3385, 4062, 677946, 676946, 677, 1354, undefined, 1493684971896
Booster, Armed, 1306.7799999999938, 32.98936780000079, -106.97298220000403, 678, 1356, 2034, 0.27120000000000366, 0.40679999999999555, 0.03661199999999946, 2712, 3390, 4068, 678622, 676944, 678, 1356, undefined, 1493684971916
Sustainer, Armed, 1300.677999999984, 32.98936780000079, -106.97298220000403, 678, 1356, 2034, 0.27120000000000366, 0.40679999999999555, 0.03661199999999946, 2712, 3390, 4068, 678944, 677944, 678, 1356, undefined, 1493684971916
Booster, Armed, 1306.7899999999938, 32.989367900000794, -106.97298210000403, 679, 1358, 2037, 0.27160000000000367, 0.40739999999999554, 0.036665999999999456, 2716, 3395, 4074, 679621, 677942, 679, 1358, undefined, 1493684971936
Sustainer, Armed, 1300.678999999984, 32.989367900000794, -106.97298210000403, 679, 1358, 2037, 0.27160000000000367, 0.40739999999999554, 0.036665999999999456, 2716, 3395, 4074, 679942, 678942, 679, 1358, undefined, 1493684971936
Booster, Armed, 1306.7999999999938, 32.989368000000795, -106.97298200000404, 680, 1360, 2040, 0.2720000000000037, 0.40799999999999553, 0.036719999999999454, 2720, 3400, 4080, 680620, 678940, 680, 1360, undefined, 1493684971956
Sustainer, Armed, 1300.679999999984, 32.989368000000795, -106.97298200000404, 680, 1360, 2040, 0.2720000000000037, 0.40799999999999553, 0.036719999999999454, 2720, 3400, 4080, 680940, 679940, 680, 1360, undefined, 1493684971956
Booster, Armed, 1306.8099999999938, 32.989368100000796, -106.97298190000404, 681, 1362, 2043, 0.2724000000000037, 0.4085999999999955, 0.03677399999999945, 2724, 3405, 4086, 681619, 679938, 681, 1362, undefined, 1493684971976
Sustainer, Armed, 1300.680999999984, 32.989368100000796, -106.97298190000404, 681, 1362, 2043, 0.2724000000000037, 0.4085999999999955, 0.03677399999999945, 2724, 3405, 4086, 681938, 680938, 681, 1362, undefined, 1493684971976
Booster, Armed, 1306.8199999999938, 32.9893682000008, -106.97298180000405, 682, 1364, 2046, 0.2728000000000037, 0.4091999999999955, 0.03682799999999945, 2728, 3410, 4092, 682618, 680936, 682, 1364, undefined, 1493684971996
Sustainer, Armed, 1300.6819999999839, 32.9893682000008, -106.97298180000405, 682, 1364, 2046, 0.2728000000000037, 0.4091999999999955, 0.03682799999999945, 2728, 3410, 4092, 682936, 681936, 682, 1364, undefined, 1493684971996
Booster, Armed, 1306.8299999999938, 32.9893683000008, -106.97298170000406, 683, 1366, 2049, 0.2732000000000037, 0.4097999999999955, 0.03688199999999945, 2732, 3415, 4098, 683617, 681934, 683, 1366, undefined, 1493684972016
Sustainer, Armed, 1300.6829999999838, 32.9893683000008, -106.97298170000406, 683, 1366, 2049, 0.2732000000000037, 0.4097999999999955, 0.03688199999999945, 2732, 3415, 4098, 683934, 682934, 683, 1366, undefined, 1493684972016
Booster, Armed, 1306.8399999999938, 32.9893684000008, -106.97298160000406, 684, 1368, 2052, 0.27360000000000373, 0.4103999999999955, 0.03693599999999945, 2736, 3420, 4104, 684616, 682932, 684, 1368, undefined, 1493684972036
Sustainer, Armed, 1300.6839999999838, 32.9893684000008, -106.97298160000406, 684, 1368, 2052, 0.27360000000000373, 0.4103999999999955, 0.03693599999999945, 2736, 3420, 4104, 684932, 683932, 684, 1368, undefined, 1493684972036
Booster, Armed, 1306.8499999999938, 32.9893685000008, -106.97298150000407, 685, 1370, 2055, 0.27400000000000374, 0.4109999999999955, 0.03698999999999945, 2740, 3425, 4110, 685615, 683930, 685, 1370, undefined, 1493684972056
Sustainer, Armed, 1300.6849999999838, 32.9893685000008, -106.97298150000407, 685, 1370, 2055, 0.27400000000000374, 0.4109999999999955, 0.03698999999999945, 2740, 3425, 4110, 685930, 684930, 685, 1370, undefined, 1493684972056
Booster, Armed, 1306.8599999999938, 32.9893686000008, -106.97298140000407, 686, 1372, 2058, 0.27440000000000375, 0.41159999999999547, 0.037043999999999445, 2744, 3430, 4116, 686614, 684928, 686, 1372, undefined, 1493684972076
Sustainer, Armed, 1300.6859999999838, 32.9893686000008, -106.97298140000407, 686, 1372, 2058, 0.27440000000000375, 0.41159999999999547, 0.037043999999999445, 2744, 3430, 4116, 686928, 685928, 686, 1372, undefined, 1493684972076
Booster, Armed, 1306.8699999999938, 32.9893687000008, -106.97298130000408, 687, 1374, 2061, 0.27480000000000376, 0.41219999999999546, 0.037097999999999444, 2748, 3435, 4122, 687613, 685926, 687, 1374, undefined, 1493684972096
Sustainer, Armed, 1300.6869999999838, 32.9893687000008, -106.97298130000408, 687, 1374, 2061, 0.27480000000000376, 0.41219999999999546, 0.037097999999999444, 2748, 3435, 4122, 687926, 686926, 687, 1374, undefined, 1493684972096
Booster, Armed, 1306.8799999999937, 32.989368800000804, -106.97298120000409, 688, 1376, 2064, 0.2752000000000038, 0.41279999999999545, 0.03715199999999944, 2752, 3440, 4128, 688612, 686924, 688, 1376, undefined, 1493684972116
Sustainer, Armed, 1300.6879999999837, 32.989368800000804, -106.97298120000409, 688, 1376, 2064, 0.2752000000000038, 0.41279999999999545, 0.03715199999999944, 2752, 3440, 4128, 688924, 687924, 688, 1376, undefined, 1493684972116
Booster, Armed, 1306.8899999999937, 32.989368900000805, -106.97298110000409, 689, 1378, 2067, 0.2756000000000038, 0.41339999999999544, 0.03720599999999944, 2756, 3445, 4134, 689611, 687922, 689, 1378, undefined, 1493684972136
Sustainer, Armed, 1300.6889999999837, 32.989368900000805, -106.97298110000409, 689, 1378, 2067, 0.2756000000000038, 0.41339999999999544, 0.03720599999999944, 2756, 3445, 4134, 689922, 688922, 689, 1378, undefined, 1493684972136
Booster, Armed, 1306.8999999999937, 32.989369000000806, -106.9729810000041, 690, 1380, 2070, 0.2760000000000038, 0.4139999999999954, 0.03725999999999944, 2760, 3450, 4140, 690610, 688920, 690, 1380, undefined, 1493684972156
Sustainer, Armed, 1300.6899999999837, 32.989369000000806, -106.9729810000041, 690, 1380, 2070, 0.2760000000000038, 0.4139999999999954, 0.03725999999999944, 2760, 3450, 4140, 690920, 689920, 690, 1380, undefined, 1493684972156
Booster, Armed, 1306.9099999999937, 32.98936910000081, -106.9729809000041, 691, 1382, 2073, 0.2764000000000038, 0.4145999999999954, 0.03731399999999944, 2764, 3455, 4146, 691609, 689918, 691, 1382, undefined, 1493684972176
Sustainer, Armed, 1300.6909999999837, 32.98936910000081, -106.9729809000041, 691, 1382, 2073, 0.2764000000000038, 0.4145999999999954, 0.03731399999999944, 2764, 3455, 4146, 691918, 690918, 691, 1382, undefined, 1493684972176
Booster, Armed, 1306.9199999999937, 32.98936920000081, -106.97298080000411, 692, 1384, 2076, 0.2768000000000038, 0.4151999999999954, 0.037367999999999436, 2768, 3460, 4152, 692608, 690916, 692, 1384, undefined, 1493684972196
Sustainer, Armed, 1300.6919999999836, 32.98936920000081, -106.97298080000411, 692, 1384, 2076, 0.2768000000000038, 0.4151999999999954, 0.037367999999999436, 2768, 3460, 4152, 692916, 691916, 692, 1384, undefined, 1493684972196
Booster, Armed, 1306.9299999999937, 32.98936930000081, -106.97298070000411, 693, 1386, 2079, 0.27720000000000383, 0.4157999999999954, 0.037421999999999435, 2772, 3465, 4158, 693607, 691914, 693, 1386, undefined, 1493684972216
Sustainer, Armed, 1300.6929999999836, 32.98936930000081, -106.97298070000411, 693, 1386, 2079, 0.27720000000000383, 0.4157999999999954, 0.037421999999999435, 2772, 3465, 4158, 693914, 692914, 693, 1386, undefined, 1493684972216
Booster, Armed, 1306.9399999999937, 32.98936940000081, -106.97298060000412, 694, 1388, 2082, 0.27760000000000384, 0.4163999999999954, 0.03747599999999943, 2776, 3470, 4164, 694606, 692912, 694, 1388, undefined, 1493684972237
Sustainer, Armed, 1300.6939999999836, 32.98936940000081, -106.97298060000412, 694, 1388, 2082, 0.27760000000000384, 0.4163999999999954, 0.03747599999999943, 2776, 3470, 4164, 694912, 693912, 694, 1388, undefined, 1493684972237
Booster, Armed, 1306.9499999999937, 32.98936950000081, -106.97298050000413, 695, 1390, 2085, 0.27800000000000386, 0.4169999999999954, 0.03752999999999943, 2780, 3475, 4170, 695605, 693910, 695, 1390, undefined, 1493684972257
Sustainer, Armed, 1300.6949999999836, 32.98936950000081, -106.97298050000413, 695, 1390, 2085, 0.27800000000000386, 0.4169999999999954, 0.03752999999999943, 2780, 3475, 4170, 695910, 694910, 695, 1390, undefined, 1493684972257
Booster, Armed, 1306.9599999999937, 32.98936960000081, -106.97298040000413, 696, 1392, 2088, 0.27840000000000387, 0.41759999999999536, 0.03758399999999943, 2784, 3480, 4176, 696604, 694908, 696, 1392, undefined, 1493684972277
Sustainer, Armed, 1300.6959999999835, 32.98936960000081, -106.97298040000413, 696, 1392, 2088, 0.27840000000000387, 0.41759999999999536, 0.03758399999999943, 2784, 3480, 4176, 696908, 695908, 696, 1392, undefined, 1493684972277
Booster, Armed, 1306.9699999999937, 32.989369700000815, -106.97298030000414, 697, 1394, 2091, 0.2788000000000039, 0.41819999999999535, 0.03763799999999943, 2788, 3485, 4182, 697603, 695906, 697, 1394, undefined, 1493684972297
Sustainer, Armed, 1300.6969999999835, 32.989369700000815, -106.97298030000414, 697, 1394, 2091, 0.2788000000000039, 0.41819999999999535, 0.03763799999999943, 2788, 3485, 4182, 697906, 696906, 697, 1394, undefined, 1493684972297
Booster, Armed, 1306.9799999999937, 32.989369800000816, -106.97298020000414, 698, 1396, 2094, 0.2792000000000039, 0.41879999999999534, 0.03769199999999943, 2792, 3490, 4188, 698602, 696904, 698, 1396, undefined, 1493684972317
Sustainer, Armed, 1300.6979999999835, 32.989369800000816, -106.97298020000414, 698, 1396, 2094, 0.2792000000000039, 0.41879999999999534, 0.03769199999999943, 2792, 3490, 4188, 698904, 697904, 698, 1396, undefined, 1493684972317
Booster, Armed, 1306.9899999999936, 32.98936990000082, -106.97298010000415, 699, 1398, 2097, 0.2796000000000039, 0.41939999999999533, 0.037745999999999426, 2796, 3495, 4194, 699601, 697902, 699, 1398, undefined, 1493684972337
Sustainer, Armed, 1300.6989999999835, 32.98936990000082, -106.97298010000415, 699, 1398, 2097, 0.2796000000000039, 0.41939999999999533, 0.037745999999999426, 2796, 3495, 4194, 699902, 698902, 699, 1398, undefined, 1493684972337
Booster, Armed, 1306.9999999999936, 32.98937000000082, -106.97298000000416, 700, 1400, 2100, 0.2800000000000039, 0.4199999999999953, 0.037799999999999424, 2800, 3500, 4200, 700600, 698900, 700, 1400, undefined, 1493684972357
Sustainer, Armed, 1300.6999999999834, 32.98937000000082, -106.97298000000416, 700, 1400, 2100, 0.2800000000000039, 0.4199999999999953, 0.037799999999999424, 2800, 3500, 4200, 700900, 699900, 700, 1400, undefined, 1493684972357
Booster, Armed, 1307.0099999999936, 32.98937010000082, -106.97297990000416, 701, 1402, 2103, 0.2804000000000039, 0.4205999999999953, 0.03785399999999942, 2804, 3505, 4206, 701599, 699898, 701, 1402, undefined, 1493684972377
Sustainer, Armed, 1300.7009999999834, 32.98937010000082, -106.97297990000416, 701, 1402, 2103, 0.2804000000000039, 0.4205999999999953, 0.03785399999999942, 2804, 3505, 4206, 701898, 700898, 701, 1402, undefined, 1493684972377
Booster, Armed, 1307.0199999999936, 32.98937020000082, -106.97297980000417, 702, 1404, 2106, 0.28080000000000394, 0.4211999999999953, 0.03790799999999942, 2808, 3510, 4212, 702598, 700896, 702, 1404, undefined, 1493684972397
Sustainer, Armed, 1300.7019999999834, 32.98937020000082, -106.97297980000417, 702, 1404, 2106, 0.28080000000000394, 0.4211999999999953, 0.03790799999999942, 2808, 3510, 4212, 702896, 701896, 702, 1404, undefined, 1493684972397
Booster, Armed, 1307.0299999999936, 32.98937030000082, -106.97297970000417, 703, 1406, 2109, 0.28120000000000395, 0.4217999999999953, 0.03796199999999942, 2812, 3515, 4218, 703597, 701894, 703, 1406, undefined, 1493684972418
Sustainer, Armed, 1300.7029999999834, 32.98937030000082, -106.97297970000417, 703, 1406, 2109, 0.28120000000000395, 0.4217999999999953, 0.03796199999999942, 2812, 3515, 4218, 703894, 702894, 703, 1406, undefined, 1493684972418
Booster, Armed, 1307.0399999999936, 32.98937040000082, -106.97297960000418, 704, 1408, 2112, 0.28160000000000396, 0.4223999999999953, 0.03801599999999942, 2816, 3520, 4224, 704596, 702892, 704, 1408, undefined, 1493684972438
Sustainer, Armed, 1300.7039999999834, 32.98937040000082, -106.97297960000418, 704, 1408, 2112, 0.28160000000000396, 0.4223999999999953, 0.03801599999999942, 2816, 3520, 4224, 704892, 703892, 704, 1408, undefined, 1493684972438
Booster, Armed, 1307.0499999999936, 32.989370500000824, -106.97297950000419, 705, 1410, 2115, 0.28200000000000397, 0.42299999999999527, 0.03806999999999942, 2820, 3525, 4230, 705595, 703890, 705, 1410, undefined, 1493684972458
Sustainer, Armed, 1300.7049999999833, 32.989370500000824, -106.97297950000419, 705, 1410, 2115, 0.28200000000000397, 0.42299999999999527, 0.03806999999999942, 2820, 3525, 4230, 705890, 704890, 705, 1410, undefined, 1493684972458
Booster, Armed, 1307.0599999999936, 32.989370600000825, -106.97297940000419, 706, 1412, 2118, 0.282400000000004, 0.42359999999999526, 0.038123999999999415, 2824, 3530, 4236, 706594, 704888, 706, 1412, undefined, 1493684972479
Sustainer, Armed, 1300.7059999999833, 32.989370600000825, -106.97297940000419, 706, 1412, 2118, 0.282400000000004, 0.42359999999999526, 0.038123999999999415, 2824, 3530, 4236, 706888, 705888, 706, 1412, undefined, 1493684972479
Booster, Armed, 1307.0699999999936, 32.989370700000826, -106.9729793000042, 707, 1414, 2121, 0.282800000000004, 0.42419999999999525, 0.038177999999999414, 2828, 3535, 4242, 707593, 705886, 707, 1414, undefined, 1493684972499
Sustainer, Armed, 1300.7069999999833, 32.989370700000826, -106.9729793000042, 707, 1414, 2121, 0.282800000000004, 0.42419999999999525, 0.038177999999999414, 2828, 3535, 4242, 707886, 706886, 707, 1414, undefined, 1493684972499
Booster, Armed, 1307.0799999999936, 32.98937080000083, -106.9729792000042, 708, 1416, 2124, 0.283200000000004, 0.42479999999999524, 0.03823199999999941, 2832, 3540, 4248, 708592, 706884, 708, 1416, undefined, 1493684972519
Sustainer, Armed, 1300.7079999999833, 32.98937080000083, -106.9729792000042, 708, 1416, 2124, 0.283200000000004, 0.42479999999999524, 0.03823199999999941, 2832, 3540, 4248, 708884, 707884, 708, 1416, undefined, 1493684972519
Booster, Armed, 1307.0899999999936, 32.98937090000083, -106.97297910000421, 709, 1418, 2127, 0.283600000000004, 0.4253999999999952, 0.03828599999999941, 2836, 3545, 4254, 709591, 707882, 709, 1418, undefined, 1493684972539
Sustainer, Armed, 1300.7089999999832, 32.98937090000083, -106.97297910000421, 709, 1418, 2127, 0.283600000000004, 0.4253999999999952, 0.03828599999999941, 2836, 3545, 4254, 709882, 708882, 709, 1418, undefined, 1493684972539
Booster, Armed, 1307.0999999999935, 32.98937100000083, -106.97297900000422, 710, 1420, 2130, 0.284000000000004, 0.4259999999999952, 0.03833999999999941, 2840, 3550, 4260, 710590, 708880, 710, 1420, undefined, 1493684972560
Sustainer, Armed, 1300.7099999999832, 32.98937100000083, -106.97297900000422, 710, 1420, 2130, 0.284000000000004, 0.4259999999999952, 0.03833999999999941, 2840, 3550, 4260, 710880, 709880, 710, 1420, undefined, 1493684972560
Booster, Armed, 1307.1099999999935, 32.98937110000083, -106.97297890000422, 711, 1422, 2133, 0.28440000000000404, 0.4265999999999952, 0.03839399999999941, 2844, 3555, 4266, 711589, 709878, 711, 1422, undefined, 1493684972580
Sustainer, Armed, 1300.7109999999832, 32.98937110000083, -106.97297890000422, 711, 1422, 2133, 0.28440000000000404, 0.4265999999999952, 0.03839399999999941, 2844, 3555, 4266, 711878, 710878, 711, 1422, undefined, 1493684972580
Booster, Armed, 1307.1199999999935, 32.98937120000083, -106.97297880000423, 712, 1424, 2136, 0.28480000000000405, 0.4271999999999952, 0.038447999999999406, 2848, 3560, 4272, 712588, 710876, 712, 1424, undefined, 1493684972600
Sustainer, Armed, 1300.7119999999832, 32.98937120000083, -106.97297880000423, 712, 1424, 2136, 0.28480000000000405, 0.4271999999999952, 0.038447999999999406, 2848, 3560, 4272, 712876, 711876, 712, 1424, undefined, 1493684972600
Booster, Armed, 1307.1299999999935, 32.98937130000083, -106.97297870000423, 713, 1426, 2139, 0.28520000000000406, 0.4277999999999952, 0.038501999999999405, 2852, 3565, 4278, 713587, 711874, 713, 1426, undefined, 1493684972620
Sustainer, Armed, 1300.7129999999831, 32.98937130000083, -106.97297870000423, 713, 1426, 2139, 0.28520000000000406, 0.4277999999999952, 0.038501999999999405, 2852, 3565, 4278, 713874, 712874, 713, 1426, undefined, 1493684972620
Booster, Armed, 1307.1399999999935, 32.989371400000834, -106.97297860000424, 714, 1428, 2142, 0.2856000000000041, 0.4283999999999952, 0.0385559999999994, 2856, 3570, 4284, 714586, 712872, 714, 1428, undefined, 1493684972640
Sustainer, Armed, 1300.7139999999831, 32.989371400000834, -106.97297860000424, 714, 1428, 2142, 0.2856000000000041, 0.4283999999999952, 0.0385559999999994, 2856, 3570, 4284, 714872, 713872, 714, 1428, undefined, 1493684972640
Booster, Armed, 1307.1499999999935, 32.989371500000836, -106.97297850000425, 715, 1430, 2145, 0.2860000000000041, 0.42899999999999516, 0.0386099999999994, 2860, 3575, 4290, 715585, 713870, 715, 1430, undefined, 1493684972660
Sustainer, Armed, 1300.714999999983, 32.989371500000836, -106.97297850000425, 715, 1430, 2145, 0.2860000000000041, 0.42899999999999516, 0.0386099999999994, 2860, 3575, 4290, 715870, 714870, 715, 1430, undefined, 1493684972660
Booster, Armed, 1307.1599999999935, 32.98937160000084, -106.97297840000425, 716, 1432, 2148, 0.2864000000000041, 0.42959999999999515, 0.0386639999999994, 2864, 3580, 4296, 716584, 714868, 716, 1432, undefined, 1493684972681
Sustainer, Armed, 1300.715999999983, 32.98937160000084, -106.97297840000425, 716, 1432, 2148, 0.2864000000000041, 0.42959999999999515, 0.0386639999999994, 2864, 3580, 4296, 716868, 715868, 716, 1432, undefined, 1493684972681
Booster, Armed, 1307.1699999999935, 32.98937170000084, -106.97297830000426, 717, 1434, 2151, 0.2868000000000041, 0.43019999999999514, 0.0387179999999994, 2868, 3585, 4302, 717583, 715866, 717, 1434, undefined, 1493684972701
Sustainer, Armed, 1300.716999999983, 32.98937170000084, -106.97297830000426, 717, 1434, 2151, 0.2868000000000041, 0.43019999999999514, 0.0387179999999994, 2868, 3585, 4302, 717866, 716866, 717, 1434, undefined, 1493684972701
Booster, Armed, 1307.1799999999935, 32.98937180000084, -106.97297820000426, 718, 1436, 2154, 0.2872000000000041, 0.43079999999999513, 0.0387719999999994, 2872, 3590, 4308, 718582, 716864, 718, 1436, undefined, 1493684972721
Sustainer, Armed, 1300.717999999983, 32.98937180000084, -106.97297820000426, 718, 1436, 2154, 0.2872000000000041, 0.43079999999999513, 0.0387719999999994, 2872, 3590, 4308, 718864, 717864, 718, 1436, undefined, 1493684972721
Booster, Armed, 1307.1899999999935, 32.98937190000084, -106.97297810000427, 719, 1438, 2157, 0.28760000000000413, 0.4313999999999951, 0.038825999999999396, 2876, 3595, 4314, 719581, 717862, 719, 1438, undefined, 1493684972741
Sustainer, Armed, 1300.718999999983, 32.98937190000084, -106.97297810000427, 719, 1438, 2157, 0.28760000000000413, 0.4313999999999951, 0.038825999999999396, 2876, 3595, 4314, 719862, 718862, 719, 1438, undefined, 1493684972741
Booster, Armed, 1307.1999999999935, 32.98937200000084, -106.97297800000428, 720, 1440, 2160, 0.28800000000000414, 0.4319999999999951, 0.038879999999999394, 2880, 3600, 4320, 720580, 718860, 720, 1440, undefined, 1493684972761
Sustainer, Armed, 1300.719999999983, 32.98937200000084, -106.97297800000428, 720, 1440, 2160, 0.28800000000000414, 0.4319999999999951, 0.038879999999999394, 2880, 3600, 4320, 720860, 719860, 720, 1440, undefined, 1493684972761
Booster, Armed, 1307.2099999999934, 32.98937210000084, -106.97297790000428, 721, 1442, 2163, 0.28840000000000415, 0.4325999999999951, 0.03893399999999939, 2884, 3605, 4326, 721579, 719858, 721, 1442, undefined, 1493684972781
Sustainer, Armed, 1300.720999999983, 32.98937210000084, -106.97297790000428, 721, 1442, 2163, 0.28840000000000415, 0.4325999999999951, 0.03893399999999939, 2884, 3605, 4326, 721858, 720858, 721, 1442, undefined, 1493684972781
Booster, Armed, 1307.2199999999934, 32.989372200000844, -106.97297780000429, 722, 1444, 2166, 0.28880000000000416, 0.4331999999999951, 0.03898799999999939, 2888, 3610, 4332, 722578, 720856, 722, 1444, undefined, 1493684972801
Sustainer, Armed, 1300.721999999983, 32.989372200000844, -106.97297780000429, 722, 1444, 2166, 0.28880000000000416, 0.4331999999999951, 0.03898799999999939, 2888, 3610, 4332, 722856, 721856, 722, 1444, undefined, 1493684972801
Booster, Armed, 1307.2299999999934, 32.989372300000845, -106.9729777000043, 723, 1446, 2169, 0.2892000000000042, 0.4337999999999951, 0.03904199999999939, 2892, 3615, 4338, 723577, 721854, 723, 1446, undefined, 1493684972821
Sustainer, Armed, 1300.722999999983, 32.989372300000845, -106.9729777000043, 723, 1446, 2169, 0.2892000000000042, 0.4337999999999951, 0.03904199999999939, 2892, 3615, 4338, 723854, 722854, 723, 1446, undefined, 1493684972821
Booster, Armed, 1307.2399999999934, 32.989372400000846, -106.9729776000043, 724, 1448, 2172, 0.2896000000000042, 0.43439999999999507, 0.03909599999999939, 2896, 3620, 4344, 724576, 722852, 724, 1448, undefined, 1493684972843
Sustainer, Armed, 1300.7239999999829, 32.989372400000846, -106.9729776000043, 724, 1448, 2172, 0.2896000000000042, 0.43439999999999507, 0.03909599999999939, 2896, 3620, 4344, 724852, 723852, 724, 1448, undefined, 1493684972843
Booster, Armed, 1307.2499999999934, 32.98937250000085, -106.9729775000043, 725, 1450, 2175, 0.2900000000000042, 0.43499999999999506, 0.03914999999999939, 2900, 3625, 4350, 725575, 723850, 725, 1450, undefined, 1493684972864
Sustainer, Armed, 1300.7249999999829, 32.98937250000085, -106.9729775000043, 725, 1450, 2175, 0.2900000000000042, 0.43499999999999506, 0.03914999999999939, 2900, 3625, 4350, 725850, 724850, 725, 1450, undefined, 1493684972864
Booster, Armed, 1307.2599999999934, 32.98937260000085, -106.97297740000431, 726, 1452, 2178, 0.2904000000000042, 0.43559999999999505, 0.039203999999999385, 2904, 3630, 4356, 726574, 724848, 726, 1452, undefined, 1493684972885
Sustainer, Armed, 1300.7259999999828, 32.98937260000085, -106.97297740000431, 726, 1452, 2178, 0.2904000000000042, 0.43559999999999505, 0.039203999999999385, 2904, 3630, 4356, 726848, 725848, 726, 1452, undefined, 1493684972885
Booster, Armed, 1307.2699999999934, 32.98937270000085, -106.97297730000432, 727, 1454, 2181, 0.2908000000000042, 0.43619999999999504, 0.039257999999999384, 2908, 3635, 4362, 727573, 725846, 727, 1454, undefined, 1493684972906
Sustainer, Armed, 1300.7269999999828, 32.98937270000085, -106.97297730000432, 727, 1454, 2181, 0.2908000000000042, 0.43619999999999504, 0.039257999999999384, 2908, 3635, 4362, 727846, 726846, 727, 1454, undefined, 1493684972906
Booster, Armed, 1307.2799999999934, 32.98937280000085, -106.97297720000432, 728, 1456, 2184, 0.29120000000000423, 0.436799999999995, 0.03931199999999938, 2912, 3640, 4368, 728572, 726844, 728, 1456, undefined, 1493684972927
Sustainer, Armed, 1300.7279999999828, 32.98937280000085, -106.97297720000432, 728, 1456, 2184, 0.29120000000000423, 0.436799999999995, 0.03931199999999938, 2912, 3640, 4368, 728844, 727844, 728, 1456, undefined, 1493684972927
Booster, Armed, 1307.2899999999934, 32.98937290000085, -106.97297710000433, 729, 1458, 2187, 0.29160000000000424, 0.437399999999995, 0.03936599999999938, 2916, 3645, 4374, 729571, 727842, 729, 1458, undefined, 1493684972948
Sustainer, Armed, 1300.7289999999828, 32.98937290000085, -106.97297710000433, 729, 1458, 2187, 0.29160000000000424, 0.437399999999995, 0.03936599999999938, 2916, 3645, 4374, 729842, 728842, 729, 1458, undefined, 1493684972948
Booster, Armed, 1307.2999999999934, 32.98937300000085, -106.97297700000433, 730, 1460, 2190, 0.29200000000000426, 0.437999999999995, 0.03941999999999938, 2920, 3650, 4380, 730570, 728840, 730, 1460, undefined, 1493684972969
Sustainer, Armed, 1300.7299999999827, 32.98937300000085, -106.97297700000433, 730, 1460, 2190, 0.29200000000000426, 0.437999999999995, 0.03941999999999938, 2920, 3650, 4380, 730840, 729840, 730, 1460, undefined, 1493684972969
Booster, Armed, 1307.3099999999934, 32.989373100000854, -106.97297690000434, 731, 1462, 2193, 0.29240000000000427, 0.438599999999995, 0.03947399999999938, 2924, 3655, 4386, 731569, 729838, 731, 1462, undefined, 1493684972990
Sustainer, Armed, 1300.7309999999827, 32.989373100000854, -106.97297690000434, 731, 1462, 2193, 0.29240000000000427, 0.438599999999995, 0.03947399999999938, 2924, 3655, 4386, 731838, 730838, 731, 1462, undefined, 1493684972990
Booster, Armed, 1307.3199999999933, 32.989373200000855, -106.97297680000435, 732, 1464, 2196, 0.2928000000000043, 0.439199999999995, 0.039527999999999376, 2928, 3660, 4392, 732568, 730836, 732, 1464, undefined, 1493684973011
Sustainer, Armed, 1300.7319999999827, 32.989373200000855, -106.97297680000435, 732, 1464, 2196, 0.2928000000000043, 0.439199999999995, 0.039527999999999376, 2928, 3660, 4392, 732836, 731836, 732, 1464, undefined, 1493684973011
Booster, Armed, 1307.3299999999933, 32.98937330000086, -106.97297670000435, 733, 1466, 2199, 0.2932000000000043, 0.439799999999995, 0.039581999999999375, 2932, 3665, 4398, 733567, 731834, 733, 1466, undefined, 1493684973032
Sustainer, Armed, 1300.7329999999827, 32.98937330000086, -106.97297670000435, 733, 1466, 2199, 0.2932000000000043, 0.439799999999995, 0.039581999999999375, 2932, 3665, 4398, 733834, 732834, 733, 1466, undefined, 1493684973032
Booster, Armed, 1307.3399999999933, 32.98937340000086, -106.97297660000436, 734, 1468, 2202, 0.2936000000000043, 0.44039999999999496, 0.03963599999999937, 2936, 3670, 4404, 734566, 732832, 734, 1468, undefined, 1493684973053
Sustainer, Armed, 1300.7339999999826, 32.98937340000086, -106.97297660000436, 734, 1468, 2202, 0.2936000000000043, 0.44039999999999496, 0.03963599999999937, 2936, 3670, 4404, 734832, 733832, 734, 1468, undefined, 1493684973053
Booster, Armed, 1307.3499999999933, 32.98937350000086, -106.97297650000436, 735, 1470, 2205, 0.2940000000000043, 0.44099999999999495, 0.03968999999999937, 2940, 3675, 4410, 735565, 733830, 735, 1470, undefined, 1493684973074
Sustainer, Armed, 1300.7349999999826, 32.98937350000086, -106.97297650000436, 735, 1470, 2205, 0.2940000000000043, 0.44099999999999495, 0.03968999999999937, 2940, 3675, 4410, 735830, 734830, 735, 1470, undefined, 1493684973074
Booster, Armed, 1307.3599999999933, 32.98937360000086, -106.97297640000437, 736, 1472, 2208, 0.2944000000000043, 0.44159999999999494, 0.03974399999999937, 2944, 3680, 4416, 736564, 734828, 736, 1472, undefined, 1493684973095
Sustainer, Armed, 1300.7359999999826, 32.98937360000086, -106.97297640000437, 736, 1472, 2208, 0.2944000000000043, 0.44159999999999494, 0.03974399999999937, 2944, 3680, 4416, 736828, 735828, 736, 1472, undefined, 1493684973095
Booster, Armed, 1307.3699999999933, 32.98937370000086, -106.97297630000438, 737, 1474, 2211, 0.29480000000000434, 0.44219999999999493, 0.03979799999999937, 2948, 3685, 4422, 737563, 735826, 737, 1474, undefined, 1493684973116
Sustainer, Armed, 1300.7369999999826, 32.98937370000086, -106.97297630000438, 737, 1474, 2211, 0.29480000000000434, 0.44219999999999493, 0.03979799999999937, 2948, 3685, 4422, 737826, 736826, 737, 1474, undefined, 1493684973116
Booster, Armed, 1307.3799999999933, 32.98937380000086, -106.97297620000438, 738, 1476, 2214, 0.29520000000000435, 0.4427999999999949, 0.03985199999999937, 2952, 3690, 4428, 738562, 736824, 738, 1476, undefined, 1493684973136
Sustainer, Armed, 1300.7379999999825, 32.98937380000086, -106.97297620000438, 738, 1476, 2214, 0.29520000000000435, 0.4427999999999949, 0.03985199999999937, 2952, 3690, 4428, 738824, 737824, 738, 1476, undefined, 1493684973136
Booster, Armed, 1307.3899999999933, 32.989373900000864, -106.97297610000439, 739, 1478, 2217, 0.29560000000000436, 0.4433999999999949, 0.039905999999999366, 2956, 3695, 4434, 739561, 737822, 739, 1478, undefined, 1493684973156
Sustainer, Armed, 1300.7389999999825, 32.989373900000864, -106.97297610000439, 739, 1478, 2217, 0.29560000000000436, 0.4433999999999949, 0.039905999999999366, 2956, 3695, 4434, 739822, 738822, 739, 1478, undefined, 1493684973156
Booster, Armed, 1307.3999999999933, 32.989374000000865, -106.9729760000044, 740, 1480, 2220, 0.29600000000000437, 0.4439999999999949, 0.039959999999999364, 2960, 3700, 4440, 740560, 738820, 740, 1480, undefined, 1493684973176
Sustainer, Armed, 1300.7399999999825, 32.989374000000865, -106.9729760000044, 740, 1480, 2220, 0.29600000000000437, 0.4439999999999949, 0.039959999999999364, 2960, 3700, 4440, 740820, 739820, 740, 1480, undefined, 1493684973176
Booster, Armed, 1307.4099999999933, 32.989374100000866, -106.9729759000044, 741, 1482, 2223, 0.2964000000000044, 0.4445999999999949, 0.04001399999999936, 2964, 3705, 4446, 741559, 739818, 741, 1482, undefined, 1493684973197
Sustainer, Armed, 1300.7409999999825, 32.989374100000866, -106.9729759000044, 741, 1482, 2223, 0.2964000000000044, 0.4445999999999949, 0.04001399999999936, 2964, 3705, 4446, 741818, 740818, 741, 1482, undefined, 1493684973197
Booster, Armed, 1307.4199999999933, 32.98937420000087, -106.9729758000044, 742, 1484, 2226, 0.2968000000000044, 0.4451999999999949, 0.04006799999999936, 2968, 3710, 4452, 742558, 740816, 742, 1484, undefined, 1493684973217
Sustainer, Armed, 1300.7419999999825, 32.98937420000087, -106.9729758000044, 742, 1484, 2226, 0.2968000000000044, 0.4451999999999949, 0.04006799999999936, 2968, 3710, 4452, 742816, 741816, 742, 1484, undefined, 1493684973217
Booster, Armed, 1307.4299999999932, 32.98937430000087, -106.97297570000441, 743, 1486, 2229, 0.2972000000000044, 0.44579999999999487, 0.04012199999999936, 2972, 3715, 4458, 743557, 741814, 743, 1486, undefined, 1493684973237
Sustainer, Armed, 1300.7429999999824, 32.98937430000087, -106.97297570000441, 743, 1486, 2229, 0.2972000000000044, 0.44579999999999487, 0.04012199999999936, 2972, 3715, 4458, 743814, 742814, 743, 1486, undefined, 1493684973237
Booster, Armed, 1307.4399999999932, 32.98937440000087, -106.97297560000442, 744, 1488, 2232, 0.2976000000000044, 0.44639999999999486, 0.04017599999999936, 2976, 3720, 4464, 744556, 742812, 744, 1488, undefined, 1493684973257
Sustainer, Armed, 1300.7439999999824, 32.98937440000087, -106.97297560000442, 744, 1488, 2232, 0.2976000000000044, 0.44639999999999486, 0.04017599999999936, 2976, 3720, 4464, 744812, 743812, 744, 1488, undefined, 1493684973257
Booster, Armed, 1307.4499999999932, 32.98937450000087, -106.97297550000442, 745, 1490, 2235, 0.29800000000000443, 0.44699999999999485, 0.04022999999999936, 2980, 3725, 4470, 745555, 743810, 745, 1490, undefined, 1493684973277
Sustainer, Armed, 1300.7449999999824, 32.98937450000087, -106.97297550000442, 745, 1490, 2235, 0.29800000000000443, 0.44699999999999485, 0.04022999999999936, 2980, 3725, 4470, 745810, 744810, 745, 1490, undefined, 1493684973277
Booster, Armed, 1307.4599999999932, 32.98937460000087, -106.97297540000443, 746, 1492, 2238, 0.29840000000000444, 0.44759999999999484, 0.040283999999999355, 2984, 3730, 4476, 746554, 744808, 746, 1492, undefined, 1493684973297
Sustainer, Armed, 1300.7459999999824, 32.98937460000087, -106.97297540000443, 746, 1492, 2238, 0.29840000000000444, 0.44759999999999484, 0.040283999999999355, 2984, 3730, 4476, 746808, 745808, 746, 1492, undefined, 1493684973297
Booster, Armed, 1307.4699999999932, 32.98937470000087, -106.97297530000444, 747, 1494, 2241, 0.29880000000000445, 0.4481999999999948, 0.040337999999999354, 2988, 3735, 4482, 747553, 745806, 747, 1494, undefined, 1493684973317
Sustainer, Armed, 1300.7469999999823, 32.98937470000087, -106.97297530000444, 747, 1494, 2241, 0.29880000000000445, 0.4481999999999948, 0.040337999999999354, 2988, 3735, 4482, 747806, 746806, 747, 1494, undefined, 1493684973317
Booster, Armed, 1307.4799999999932, 32.989374800000874, -106.97297520000444, 748, 1496, 2244, 0.29920000000000446, 0.4487999999999948, 0.04039199999999935, 2992, 3740, 4488, 748552, 746804, 748, 1496, undefined, 1493684973337
Sustainer, Armed, 1300.7479999999823, 32.989374800000874, -106.97297520000444, 748, 1496, 2244, 0.29920000000000446, 0.4487999999999948, 0.04039199999999935, 2992, 3740, 4488, 748804, 747804, 748, 1496, undefined, 1493684973337
Booster, Armed, 1307.4899999999932, 32.989374900000875, -106.97297510000445, 749, 1498, 2247, 0.2996000000000045, 0.4493999999999948, 0.04044599999999935, 2996, 3745, 4494, 749551, 747802, 749, 1498, undefined, 1493684973358
Sustainer, Armed, 1300.7489999999823, 32.989374900000875, -106.97297510000445, 749, 1498, 2247, 0.2996000000000045, 0.4493999999999948, 0.04044599999999935, 2996, 3745, 4494, 749802, 748802, 749, 1498, undefined, 1493684973358
Booster, Armed, 1307.4999999999932, 32.98937500000088, -106.97297500000445, 750, 1500, 2250, 0.3000000000000045, 0.4499999999999948, 0.04049999999999935, 3000, 3750, 4500, 750550, 748800, 750, 1500, undefined, 1493684973378
Sustainer, Armed, 1300.7499999999823, 32.98937500000088, -106.97297500000445, 750, 1500, 2250, 0.3000000000000045, 0.4499999999999948, 0.04049999999999935, 3000, 3750, 4500, 750800, 749800, 750, 1500, undefined, 1493684973378
Booster, Armed, 1307.5099999999932, 32.98937510000088, -106.97297490000446, 751, 1502, 2253, 0.3004000000000045, 0.4505999999999948, 0.04055399999999935, 3004, 3755, 4506, 751549, 749798, 751, 1502, undefined, 1493684973398
Sustainer, Armed, 1300.7509999999822, 32.98937510000088, -106.97297490000446, 751, 1502, 2253, 0.3004000000000045, 0.4505999999999948, 0.04055399999999935, 3004, 3755, 4506, 751798, 750798, 751, 1502, undefined, 1493684973398
Booster, Armed, 1307.5199999999932, 32.98937520000088, -106.97297480000447, 752, 1504, 2256, 0.3008000000000045, 0.45119999999999477, 0.040607999999999346, 3008, 3760, 4512, 752548, 750796, 752, 1504, undefined, 1493684973418
Sustainer, Armed, 1300.7519999999822, 32.98937520000088, -106.97297480000447, 752, 1504, 2256, 0.3008000000000045, 0.45119999999999477, 0.040607999999999346, 3008, 3760, 4512, 752796, 751796, 752, 1504, undefined, 1493684973418
Booster, Armed, 1307.5299999999932, 32.98937530000088, -106.97297470000447, 753, 1506, 2259, 0.3012000000000045, 0.45179999999999476, 0.040661999999999345, 3012, 3765, 4518, 753547, 751794, 753, 1506, undefined, 1493684973438
Sustainer, Armed, 1300.7529999999822, 32.98937530000088, -106.97297470000447, 753, 1506, 2259, 0.3012000000000045, 0.45179999999999476, 0.040661999999999345, 3012, 3765, 4518, 753794, 752794, 753, 1506, undefined, 1493684973438
Booster, Armed, 1307.5399999999931, 32.98937540000088, -106.97297460000448, 754, 1508, 2262, 0.30160000000000453, 0.45239999999999475, 0.04071599999999934, 3016, 3770, 4524, 754546, 752792, 754, 1508, undefined, 1493684973458
Sustainer, Armed, 1300.7539999999822, 32.98937540000088, -106.97297460000448, 754, 1508, 2262, 0.30160000000000453, 0.45239999999999475, 0.04071599999999934, 3016, 3770, 4524, 754792, 753792, 754, 1508, undefined, 1493684973458
Booster, Armed, 1307.5499999999931, 32.98937550000088, -106.97297450000448, 755, 1510, 2265, 0.30200000000000454, 0.45299999999999474, 0.04076999999999934, 3020, 3775, 4530, 755545, 753790, 755, 1510, undefined, 1493684973478
Sustainer, Armed, 1300.7549999999821, 32.98937550000088, -106.97297450000448, 755, 1510, 2265, 0.30200000000000454, 0.45299999999999474, 0.04076999999999934, 3020, 3775, 4530, 755790, 754790, 755, 1510, undefined, 1493684973478
Booster, Armed, 1307.5599999999931, 32.98937560000088, -106.97297440000449, 756, 1512, 2268, 0.30240000000000455, 0.45359999999999473, 0.04082399999999934, 3024, 3780, 4536, 756544, 754788, 756, 1512, undefined, 1493684973498
Sustainer, Armed, 1300.7559999999821, 32.98937560000088, -106.97297440000449, 756, 1512, 2268, 0.30240000000000455, 0.45359999999999473, 0.04082399999999934, 3024, 3780, 4536, 756788, 755788, 756, 1512, undefined, 1493684973498
Booster, Armed, 1307.5699999999931, 32.989375700000885, -106.9729743000045, 757, 1514, 2271, 0.30280000000000457, 0.4541999999999947, 0.04087799999999934, 3028, 3785, 4542, 757543, 755786, 757, 1514, undefined, 1493684973518
Sustainer, Armed, 1300.756999999982, 32.989375700000885, -106.9729743000045, 757, 1514, 2271, 0.30280000000000457, 0.4541999999999947, 0.04087799999999934, 3028, 3785, 4542, 757786, 756786, 757, 1514, undefined, 1493684973518
Booster, Armed, 1307.579999999993, 32.989375800000886, -106.9729742000045, 758, 1516, 2274, 0.3032000000000046, 0.4547999999999947, 0.04093199999999934, 3032, 3790, 4548, 758542, 756784, 758, 1516, undefined, 1493684973538
Sustainer, Armed, 1300.757999999982, 32.989375800000886, -106.9729742000045, 758, 1516, 2274, 0.3032000000000046, 0.4547999999999947, 0.04093199999999934, 3032, 3790, 4548, 758784, 757784, 758, 1516, undefined, 1493684973538
Booster, Armed, 1307.589999999993, 32.98937590000089, -106.9729741000045, 759, 1518, 2277, 0.3036000000000046, 0.4553999999999947, 0.040985999999999335, 3036, 3795, 4554, 759541, 757782, 759, 1518, undefined, 1493684973558
Sustainer, Armed, 1300.758999999982, 32.98937590000089, -106.9729741000045, 759, 1518, 2277, 0.3036000000000046, 0.4553999999999947, 0.040985999999999335, 3036, 3795, 4554, 759782, 758782, 759, 1518, undefined, 1493684973558
Booster, Armed, 1307.599999999993, 32.98937600000089, -106.97297400000451, 760, 1520, 2280, 0.3040000000000046, 0.4559999999999947, 0.041039999999999334, 3040, 3800, 4560, 760540, 758780, 760, 1520, undefined, 1493684973578
Sustainer, Armed, 1300.759999999982, 32.98937600000089, -106.97297400000451, 760, 1520, 2280, 0.3040000000000046, 0.4559999999999947, 0.041039999999999334, 3040, 3800, 4560, 760780, 759780, 760, 1520, undefined, 1493684973578
Booster, Armed, 1307.609999999993, 32.98937610000089, -106.97297390000452, 761, 1522, 2283, 0.3044000000000046, 0.4565999999999947, 0.04109399999999933, 3044, 3805, 4566, 761539, 759778, 761, 1522, undefined, 1493684973598
Sustainer, Armed, 1300.760999999982, 32.98937610000089, -106.97297390000452, 761, 1522, 2283, 0.3044000000000046, 0.4565999999999947, 0.04109399999999933, 3044, 3805, 4566, 761778, 760778, 761, 1522, undefined, 1493684973598
Booster, Armed, 1307.619999999993, 32.98937620000089, -106.97297380000452, 762, 1524, 2286, 0.3048000000000046, 0.45719999999999467, 0.04114799999999933, 3048, 3810, 4572, 762538, 760776, 762, 1524, undefined, 1493684973618
Sustainer, Armed, 1300.761999999982, 32.98937620000089, -106.97297380000452, 762, 1524, 2286, 0.3048000000000046, 0.45719999999999467, 0.04114799999999933, 3048, 3810, 4572, 762776, 761776, 762, 1524, undefined, 1493684973618
Booster, Armed, 1307.629999999993, 32.98937630000089, -106.97297370000453, 763, 1526, 2289, 0.30520000000000463, 0.45779999999999466, 0.04120199999999933, 3052, 3815, 4578, 763537, 761774, 763, 1526, undefined, 1493684973640
Sustainer, Armed, 1300.762999999982, 32.98937630000089, -106.97297370000453, 763, 1526, 2289, 0.30520000000000463, 0.45779999999999466, 0.04120199999999933, 3052, 3815, 4578, 763774, 762774, 763, 1526, undefined, 1493684973640
Booster, Armed, 1307.639999999993, 32.98937640000089, -106.97297360000454, 764, 1528, 2292, 0.30560000000000465, 0.45839999999999465, 0.04125599999999933, 3056, 3820, 4584, 764536, 762772, 764, 1528, undefined, 1493684973660
Sustainer, Armed, 1300.763999999982, 32.98937640000089, -106.97297360000454, 764, 1528, 2292, 0.30560000000000465, 0.45839999999999465, 0.04125599999999933, 3056, 3820, 4584, 764772, 763772, 764, 1528, undefined, 1493684973660
Booster, Armed, 1307.649999999993, 32.989376500000894, -106.97297350000454, 765, 1530, 2295, 0.30600000000000466, 0.45899999999999463, 0.041309999999999326, 3060, 3825, 4590, 765535, 763770, 765, 1530, undefined, 1493684973680
Sustainer, Armed, 1300.764999999982, 32.989376500000894, -106.97297350000454, 765, 1530, 2295, 0.30600000000000466, 0.45899999999999463, 0.041309999999999326, 3060, 3825, 4590, 765770, 764770, 765, 1530, undefined, 1493684973680
Booster, Armed, 1307.659999999993, 32.989376600000895, -106.97297340000455, 766, 1532, 2298, 0.30640000000000467, 0.4595999999999946, 0.041363999999999325, 3064, 3830, 4596, 766534, 764768, 766, 1532, undefined, 1493684973700
Sustainer, Armed, 1300.765999999982, 32.989376600000895, -106.97297340000455, 766, 1532, 2298, 0.30640000000000467, 0.4595999999999946, 0.041363999999999325, 3064, 3830, 4596, 766768, 765768, 766, 1532, undefined, 1493684973700
Booster, Armed, 1307.669999999993, 32.989376700000896, -106.97297330000455, 767, 1534, 2301, 0.3068000000000047, 0.4601999999999946, 0.04141799999999932, 3068, 3835, 4602, 767533, 765766, 767, 1534, undefined, 1493684973720
Sustainer, Armed, 1300.7669999999819, 32.989376700000896, -106.97297330000455, 767, 1534, 2301, 0.3068000000000047, 0.4601999999999946, 0.04141799999999932, 3068, 3835, 4602, 767766, 766766, 767, 1534, undefined, 1493684973720
Booster, Armed, 1307.679999999993, 32.9893768000009, -106.97297320000456, 768, 1536, 2304, 0.3072000000000047, 0.4607999999999946, 0.04147199999999932, 3072, 3840, 4608, 768532, 766764, 768, 1536, undefined, 1493684973740
Sustainer, Armed, 1300.7679999999818, 32.9893768000009, -106.97297320000456, 768, 1536, 2304, 0.3072000000000047, 0.4607999999999946, 0.04147199999999932, 3072, 3840, 4608, 768764, 767764, 768, 1536, undefined, 1493684973740
Booster, Armed, 1307.689999999993, 32.9893769000009, -106.97297310000457, 769, 1538, 2307, 0.3076000000000047, 0.4613999999999946, 0.04152599999999932, 3076, 3845, 4614, 769531, 767762, 769, 1538, undefined, 1493684973760
Sustainer, Armed, 1300.7689999999818, 32.9893769000009, -106.97297310000457, 769, 1538, 2307, 0.3076000000000047, 0.4613999999999946, 0.04152599999999932, 3076, 3845, 4614, 769762, 768762, 769, 1538, undefined, 1493684973760
Booster, Armed, 1307.699999999993, 32.9893770000009, -106.97297300000457, 770, 1540, 2310, 0.3080000000000047, 0.4619999999999946, 0.04157999999999932, 3080, 3850, 4620, 770530, 768760, 770, 1540, undefined, 1493684973780
Sustainer, Armed, 1300.7699999999818, 32.9893770000009, -106.97297300000457, 770, 1540, 2310, 0.3080000000000047, 0.4619999999999946, 0.04157999999999932, 3080, 3850, 4620, 770760, 769760, 770, 1540, undefined, 1493684973780
Booster, Armed, 1307.709999999993, 32.9893771000009, -106.97297290000458, 771, 1542, 2313, 0.3084000000000047, 0.46259999999999457, 0.04163399999999932, 3084, 3855, 4626, 771529, 769758, 771, 1542, undefined, 1493684973800
Sustainer, Armed, 1300.7709999999818, 32.9893771000009, -106.97297290000458, 771, 1542, 2313, 0.3084000000000047, 0.46259999999999457, 0.04163399999999932, 3084, 3855, 4626, 771758, 770758, 771, 1542, undefined, 1493684973800
Booster, Armed, 1307.719999999993, 32.9893772000009, -106.97297280000458, 772, 1544, 2316, 0.30880000000000474, 0.46319999999999456, 0.041687999999999316, 3088, 3860, 4632, 772528, 770756, 772, 1544, undefined, 1493684973820
Sustainer, Armed, 1300.7719999999817, 32.9893772000009, -106.97297280000458, 772, 1544, 2316, 0.30880000000000474, 0.46319999999999456, 0.041687999999999316, 3088, 3860, 4632, 772756, 771756, 772, 1544, undefined, 1493684973820
Booster, Armed, 1307.729999999993, 32.9893773000009, -106.97297270000459, 773, 1546, 2319, 0.30920000000000475, 0.46379999999999455, 0.041741999999999314, 3092, 3865, 4638, 773527, 771754, 773, 1546, undefined, 1493684973841
Sustainer, Armed, 1300.7729999999817, 32.9893773000009, -106.97297270000459, 773, 1546, 2319, 0.30920000000000475, 0.46379999999999455, 0.041741999999999314, 3092, 3865, 4638, 773754, 772754, 773, 1546, undefined, 1493684973841
Booster, Armed, 1307.739999999993, 32.989377400000905, -106.9729726000046, 774, 1548, 2322, 0.30960000000000476, 0.46439999999999454, 0.04179599999999931, 3096, 3870, 4644, 774526, 772752, 774, 1548, undefined, 1493684973861
Sustainer, Armed, 1300.7739999999817, 32.989377400000905, -106.9729726000046, 774, 1548, 2322, 0.30960000000000476, 0.46439999999999454, 0.04179599999999931, 3096, 3870, 4644, 774752, 773752, 774, 1548, undefined, 1493684973861
Booster, Armed, 1307.749999999993, 32.989377500000906, -106.9729725000046, 775, 1550, 2325, 0.31000000000000477, 0.46499999999999453, 0.04184999999999931, 3100, 3875, 4650, 775525, 773750, 775, 1550, undefined, 1493684973881
Sustainer, Armed, 1300.7749999999817, 32.989377500000906, -106.9729725000046, 775, 1550, 2325, 0.31000000000000477, 0.46499999999999453, 0.04184999999999931, 3100, 3875, 4650, 775750, 774750, 775, 1550, undefined, 1493684973881
Booster, Armed, 1307.759999999993, 32.98937760000091, -106.97297240000461, 776, 1552, 2328, 0.3104000000000048, 0.4655999999999945, 0.04190399999999931, 3104, 3880, 4656, 776524, 774748, 776, 1552, undefined, 1493684973901
Sustainer, Armed, 1300.7759999999817, 32.98937760000091, -106.97297240000461, 776, 1552, 2328, 0.3104000000000048, 0.4655999999999945, 0.04190399999999931, 3104, 3880, 4656, 776748, 775748, 776, 1552, undefined, 1493684973901
Booster, Armed, 1307.769999999993, 32.98937770000091, -106.97297230000461, 777, 1554, 2331, 0.3108000000000048, 0.4661999999999945, 0.04195799999999931, 3108, 3885, 4662, 777523, 775746, 777, 1554, undefined, 1493684973921
Sustainer, Armed, 1300.7769999999816, 32.98937770000091, -106.97297230000461, 777, 1554, 2331, 0.3108000000000048, 0.4661999999999945, 0.04195799999999931, 3108, 3885, 4662, 777746, 776746, 777, 1554, undefined, 1493684973921
Booster, Armed, 1307.779999999993, 32.98937780000091, -106.97297220000462, 778, 1556, 2334, 0.3112000000000048, 0.4667999999999945, 0.04201199999999931, 3112, 3890, 4668, 778522, 776744, 778, 1556, undefined, 1493684973941
Sustainer, Armed, 1300.7779999999816, 32.98937780000091, -106.97297220000462, 778, 1556, 2334, 0.3112000000000048, 0.4667999999999945, 0.04201199999999931, 3112, 3890, 4668, 778744, 777744, 778, 1556, undefined, 1493684973941
Booster, Armed, 1307.789999999993, 32.98937790000091, -106.97297210000463, 779, 1558, 2337, 0.3116000000000048, 0.4673999999999945, 0.042065999999999305, 3116, 3895, 4674, 779521, 777742, 779, 1558, undefined, 1493684973961
Sustainer, Armed, 1300.7789999999816, 32.98937790000091, -106.97297210000463, 779, 1558, 2337, 0.3116000000000048, 0.4673999999999945, 0.042065999999999305, 3116, 3895, 4674, 779742, 778742, 779, 1558, undefined, 1493684973961
Booster, Armed, 1307.799999999993, 32.98937800000091, -106.97297200000463, 780, 1560, 2340, 0.31200000000000483, 0.4679999999999945, 0.042119999999999304, 3120, 3900, 4680, 780520, 778740, 780, 1560, undefined, 1493684973982
Sustainer, Armed, 1300.7799999999816, 32.98937800000091, -106.97297200000463, 780, 1560, 2340, 0.31200000000000483, 0.4679999999999945, 0.042119999999999304, 3120, 3900, 4680, 780740, 779740, 780, 1560, undefined, 1493684973982
Booster, Armed, 1307.809999999993, 32.98937810000091, -106.97297190000464, 781, 1562, 2343, 0.31240000000000484, 0.46859999999999447, 0.0421739999999993, 3124, 3905, 4686, 781519, 779738, 781, 1562, undefined, 1493684974002
Sustainer, Armed, 1300.7809999999815, 32.98937810000091, -106.97297190000464, 781, 1562, 2343, 0.31240000000000484, 0.46859999999999447, 0.0421739999999993, 3124, 3905, 4686, 781738, 780738, 781, 1562, undefined, 1493684974002
Booster, Armed, 1307.819999999993, 32.989378200000914, -106.97297180000464, 782, 1564, 2346, 0.31280000000000485, 0.46919999999999445, 0.0422279999999993, 3128, 3910, 4692, 782518, 780736, 782, 1564, undefined, 1493684974022
Sustainer, Armed, 1300.7819999999815, 32.989378200000914, -106.97297180000464, 782, 1564, 2346, 0.31280000000000485, 0.46919999999999445, 0.0422279999999993, 3128, 3910, 4692, 782736, 781736, 782, 1564, undefined, 1493684974022
Booster, Armed, 1307.8299999999929, 32.989378300000915, -106.97297170000465, 783, 1566, 2349, 0.31320000000000486, 0.46979999999999444, 0.0422819999999993, 3132, 3915, 4698, 783517, 781734, 783, 1566, undefined, 1493684974042
Sustainer, Armed, 1300.7829999999815, 32.989378300000915, -106.97297170000465, 783, 1566, 2349, 0.31320000000000486, 0.46979999999999444, 0.0422819999999993, 3132, 3915, 4698, 783734, 782734, 783, 1566, undefined, 1493684974042
Booster, Armed, 1307.8399999999929, 32.989378400000916, -106.97297160000466, 784, 1568, 2352, 0.3136000000000049, 0.47039999999999443, 0.0423359999999993, 3136, 3920, 4704, 784516, 782732, 784, 1568, undefined, 1493684974062
Sustainer, Armed, 1300.7839999999815, 32.989378400000916, -106.97297160000466, 784, 1568, 2352, 0.3136000000000049, 0.47039999999999443, 0.0423359999999993, 3136, 3920, 4704, 784732, 783732, 784, 1568, undefined, 1493684974062
Booster, Armed, 1307.8499999999929, 32.98937850000092, -106.97297150000466, 785, 1570, 2355, 0.3140000000000049, 0.4709999999999944, 0.042389999999999296, 3140, 3925, 4710, 785515, 783730, 785, 1570, undefined, 1493684974082
Sustainer, Armed, 1300.7849999999814, 32.98937850000092, -106.97297150000466, 785, 1570, 2355, 0.3140000000000049, 0.4709999999999944, 0.042389999999999296, 3140, 3925, 4710, 785730, 784730, 785, 1570, undefined, 1493684974082
Booster, Armed, 1307.8599999999929, 32.98937860000092, -106.97297140000467, 786, 1572, 2358, 0.3144000000000049, 0.4715999999999944, 0.042443999999999295, 3144, 3930, 4716, 786514, 784728, 786, 1572, undefined, 1493684974102
Sustainer, Armed, 1300.7859999999814, 32.98937860000092, -106.97297140000467, 786, 1572, 2358, 0.3144000000000049, 0.4715999999999944, 0.042443999999999295, 3144, 3930, 4716, 786728, 785728, 786, 1572, undefined, 1493684974102
Booster, Armed, 1307.8699999999928, 32.98937870000092, -106.97297130000467, 787, 1574, 2361, 0.3148000000000049, 0.4721999999999944, 0.04249799999999929, 3148, 3935, 4722, 787513, 785726, 787, 1574, undefined, 1493684974123
Sustainer, Armed, 1300.7869999999814, 32.98937870000092, -106.97297130000467, 787, 1574, 2361, 0.3148000000000049, 0.4721999999999944, 0.04249799999999929, 3148, 3935, 4722, 787726, 786726, 787, 1574, undefined, 1493684974123
Booster, Armed, 1307.8799999999928, 32.98937880000092, -106.97297120000468, 788, 1576, 2364, 0.3152000000000049, 0.4727999999999944, 0.04255199999999929, 3152, 3940, 4728, 788512, 786724, 788, 1576, undefined, 1493684974143
Sustainer, Armed, 1300.7879999999814, 32.98937880000092, -106.97297120000468, 788, 1576, 2364, 0.3152000000000049, 0.4727999999999944, 0.04255199999999929, 3152, 3940, 4728, 788724, 787724, 788, 1576, undefined, 1493684974143
Booster, Armed, 1307.8899999999928, 32.98937890000092, -106.97297110000468, 789, 1578, 2367, 0.31560000000000493, 0.4733999999999944, 0.04260599999999929, 3156, 3945, 4734, 789511, 787722, 789, 1578, undefined, 1493684974164
Sustainer, Armed, 1300.7889999999813, 32.98937890000092, -106.97297110000468, 789, 1578, 2367, 0.31560000000000493, 0.4733999999999944, 0.04260599999999929, 3156, 3945, 4734, 789722, 788722, 789, 1578, undefined, 1493684974164
Booster, Armed, 1307.8999999999928, 32.98937900000092, -106.97297100000469, 790, 1580, 2370, 0.31600000000000494, 0.47399999999999437, 0.04265999999999929, 3160, 3950, 4740, 790510, 788720, 790, 1580, undefined, 1493684974184
Sustainer, Armed, 1300.7899999999813, 32.98937900000092, -106.97297100000469, 790, 1580, 2370, 0.31600000000000494, 0.47399999999999437, 0.04265999999999929, 3160, 3950, 4740, 790720, 789720, 790, 1580, undefined, 1493684974184
Booster, Armed, 1307.9099999999928, 32.989379100000924, -106.9729709000047, 791, 1582, 2373, 0.31640000000000496, 0.47459999999999436, 0.04271399999999929, 3164, 3955, 4746, 791509, 789718, 791, 1582, undefined, 1493684974204
Sustainer, Armed, 1300.7909999999813, 32.989379100000924, -106.9729709000047, 791, 1582, 2373, 0.31640000000000496, 0.47459999999999436, 0.04271399999999929, 3164, 3955, 4746, 791718, 790718, 791, 1582, undefined, 1493684974204
Booster, Armed, 1307.9199999999928, 32.989379200000926, -106.9729708000047, 792, 1584, 2376, 0.31680000000000497, 0.47519999999999435, 0.042767999999999286, 3168, 3960, 4752, 792508, 790716, 792, 1584, undefined, 1493684974224
Sustainer, Armed, 1300.7919999999813, 32.989379200000926, -106.9729708000047, 792, 1584, 2376, 0.31680000000000497, 0.47519999999999435, 0.042767999999999286, 3168, 3960, 4752, 792716, 791716, 792, 1584, undefined, 1493684974224
Booster, Armed, 1307.9299999999928, 32.98937930000093, -106.97297070000471, 793, 1586, 2379, 0.317200000000005, 0.47579999999999434, 0.042821999999999284, 3172, 3965, 4758, 793507, 791714, 793, 1586, undefined, 1493684974244
Sustainer, Armed, 1300.7929999999812, 32.98937930000093, -106.97297070000471, 793, 1586, 2379, 0.317200000000005, 0.47579999999999434, 0.042821999999999284, 3172, 3965, 4758, 793714, 792714, 793, 1586, undefined, 1493684974244
Booster, Armed, 1307.9399999999928, 32.98937940000093, -106.97297060000471, 794, 1588, 2382, 0.317600000000005, 0.47639999999999433, 0.04287599999999928, 3176, 3970, 4764, 794506, 792712, 794, 1588, undefined, 1493684974264
Sustainer, Armed, 1300.7939999999812, 32.98937940000093, -106.97297060000471, 794, 1588, 2382, 0.317600000000005, 0.47639999999999433, 0.04287599999999928, 3176, 3970, 4764, 794712, 793712, 794, 1588, undefined, 1493684974264
Booster, Armed, 1307.9499999999928, 32.98937950000093, -106.97297050000472, 795, 1590, 2385, 0.318000000000005, 0.4769999999999943, 0.04292999999999928, 3180, 3975, 4770, 795505, 793710, 795, 1590, undefined, 1493684974285
Sustainer, Armed, 1300.7949999999812, 32.98937950000093, -106.97297050000472, 795, 1590, 2385, 0.318000000000005, 0.4769999999999943, 0.04292999999999928, 3180, 3975, 4770, 795710, 794710, 795, 1590, undefined, 1493684974285
Booster, Armed, 1307.9599999999928, 32.98937960000093, -106.97297040000473, 796, 1592, 2388, 0.318400000000005, 0.4775999999999943, 0.04298399999999928, 3184, 3980, 4776, 796504, 794708, 796, 1592, undefined, 1493684974307
Sustainer, Armed, 1300.7959999999812, 32.98937960000093, -106.97297040000473, 796, 1592, 2388, 0.318400000000005, 0.4775999999999943, 0.04298399999999928, 3184, 3980, 4776, 796708, 795708, 796, 1592, undefined, 1493684974307
Booster, Armed, 1307.9699999999928, 32.98937970000093, -106.97297030000473, 797, 1594, 2391, 0.318800000000005, 0.4781999999999943, 0.04303799999999928, 3188, 3985, 4782, 797503, 795706, 797, 1594, undefined, 1493684974328
Sustainer, Armed, 1300.7969999999812, 32.98937970000093, -106.97297030000473, 797, 1594, 2391, 0.318800000000005, 0.4781999999999943, 0.04303799999999928, 3188, 3985, 4782, 797706, 796706, 797, 1594, undefined, 1493684974328
Booster, Armed, 1307.9799999999927, 32.98937980000093, -106.97297020000474, 798, 1596, 2394, 0.31920000000000504, 0.4787999999999943, 0.04309199999999928, 3192, 3990, 4788, 798502, 796704, 798, 1596, undefined, 1493684974350
Sustainer, Armed, 1300.7979999999811, 32.98937980000093, -106.97297020000474, 798, 1596, 2394, 0.31920000000000504, 0.4787999999999943, 0.04309199999999928, 3192, 3990, 4788, 798704, 797704, 798, 1596, undefined, 1493684974350
Booster, Armed, 1307.9899999999927, 32.989379900000934, -106.97297010000474, 799, 1598, 2397, 0.31960000000000505, 0.4793999999999943, 0.043145999999999275, 3196, 3995, 4794, 799501, 797702, 799, 1598, undefined, 1493684974371
Sustainer, Armed, 1300.798999999981, 32.989379900000934, -106.97297010000474, 799, 1598, 2397, 0.31960000000000505, 0.4793999999999943, 0.043145999999999275, 3196, 3995, 4794, 799702, 798702, 799, 1598, undefined, 1493684974371
Booster, Armed, 1307.9999999999927, 32.989380000000935, -106.97297000000475, 800, 1600, 2400, 0.32000000000000506, 0.47999999999999426, 0.043199999999999274, 3200, 4000, 4800, 800500, 798700, 800, 1600, undefined, 1493684974392
Sustainer, Armed, 1300.799999999981, 32.989380000000935, -106.97297000000475, 800, 1600, 2400, 0.32000000000000506, 0.47999999999999426, 0.043199999999999274, 3200, 4000, 4800, 800700, 799700, 800, 1600, undefined, 1493684974392
Booster, Armed, 1308.0099999999927, 32.989380100000936, -106.97296990000476, 801, 1602, 2403, 0.32040000000000507, 0.48059999999999425, 0.04325399999999927, 3204, 4005, 4806, 801499, 799698, 801, 1602, undefined, 1493684974413
Sustainer, Armed, 1300.800999999981, 32.989380100000936, -106.97296990000476, 801, 1602, 2403, 0.32040000000000507, 0.48059999999999425, 0.04325399999999927, 3204, 4005, 4806, 801698, 800698, 801, 1602, undefined, 1493684974413
Booster, Armed, 1308.0199999999927, 32.98938020000094, -106.97296980000476, 802, 1604, 2406, 0.3208000000000051, 0.48119999999999424, 0.04330799999999927, 3208, 4010, 4812, 802498, 800696, 802, 1604, undefined, 1493684974434
Sustainer, Armed, 1300.801999999981, 32.98938020000094, -106.97296980000476, 802, 1604, 2406, 0.3208000000000051, 0.48119999999999424, 0.04330799999999927, 3208, 4010, 4812, 802696, 801696, 802, 1604, undefined, 1493684974434
Booster, Armed, 1308.0299999999927, 32.98938030000094, -106.97296970000477, 803, 1606, 2409, 0.3212000000000051, 0.48179999999999423, 0.04336199999999927, 3212, 4015, 4818, 803497, 801694, 803, 1606, undefined, 1493684974455
Sustainer, Armed, 1300.802999999981, 32.98938030000094, -106.97296970000477, 803, 1606, 2409, 0.3212000000000051, 0.48179999999999423, 0.04336199999999927, 3212, 4015, 4818, 803694, 802694, 803, 1606, undefined, 1493684974455
Booster, Armed, 1308.0399999999927, 32.98938040000094, -106.97296960000477, 804, 1608, 2412, 0.3216000000000051, 0.4823999999999942, 0.04341599999999927, 3216, 4020, 4824, 804496, 802692, 804, 1608, undefined, 1493684974476
Sustainer, Armed, 1300.803999999981, 32.98938040000094, -106.97296960000477, 804, 1608, 2412, 0.3216000000000051, 0.4823999999999942, 0.04341599999999927, 3216, 4020, 4824, 804692, 803692, 804, 1608, undefined, 1493684974476
Booster, Armed, 1308.0499999999927, 32.98938050000094, -106.97296950000478, 805, 1610, 2415, 0.3220000000000051, 0.4829999999999942, 0.043469999999999266, 3220, 4025, 4830, 805495, 803690, 805, 1610, undefined, 1493684974497
Sustainer, Armed, 1300.804999999981, 32.98938050000094, -106.97296950000478, 805, 1610, 2415, 0.3220000000000051, 0.4829999999999942, 0.043469999999999266, 3220, 4025, 4830, 805690, 804690, 805, 1610, undefined, 1493684974497
Booster, Armed, 1308.0599999999927, 32.98938060000094, -106.97296940000479, 806, 1612, 2418, 0.3224000000000051, 0.4835999999999942, 0.043523999999999265, 3224, 4030, 4836, 806494, 804688, 806, 1612, undefined, 1493684974518
Sustainer, Armed, 1300.805999999981, 32.98938060000094, -106.97296940000479, 806, 1612, 2418, 0.3224000000000051, 0.4835999999999942, 0.043523999999999265, 3224, 4030, 4836, 806688, 805688, 806, 1612, undefined, 1493684974518
Booster, Armed, 1308.0699999999927, 32.98938070000094, -106.97296930000479, 807, 1614, 2421, 0.32280000000000514, 0.4841999999999942, 0.04357799999999926, 3228, 4035, 4842, 807493, 805686, 807, 1614, undefined, 1493684974538
Sustainer, Armed, 1300.806999999981, 32.98938070000094, -106.97296930000479, 807, 1614, 2421, 0.32280000000000514, 0.4841999999999942, 0.04357799999999926, 3228, 4035, 4842, 807686, 806686, 807, 1614, undefined, 1493684974538
Booster, Armed, 1308.0799999999927, 32.989380800000944, -106.9729692000048, 808, 1616, 2424, 0.32320000000000515, 0.4847999999999942, 0.04363199999999926, 3232, 4040, 4848, 808492, 806684, 808, 1616, undefined, 1493684974558
Sustainer, Armed, 1300.807999999981, 32.989380800000944, -106.9729692000048, 808, 1616, 2424, 0.32320000000000515, 0.4847999999999942, 0.04363199999999926, 3232, 4040, 4848, 808684, 807684, 808, 1616, undefined, 1493684974558
Booster, Armed, 1308.0899999999926, 32.989380900000945, -106.9729691000048, 809, 1618, 2427, 0.32360000000000516, 0.48539999999999417, 0.04368599999999926, 3236, 4045, 4854, 809491, 807682, 809, 1618, undefined, 1493684974578
Sustainer, Armed, 1300.8089999999809, 32.989380900000945, -106.9729691000048, 809, 1618, 2427, 0.32360000000000516, 0.48539999999999417, 0.04368599999999926, 3236, 4045, 4854, 809682, 808682, 809, 1618, undefined, 1493684974578
Booster, Armed, 1308.0999999999926, 32.98938100000095, -106.97296900000481, 810, 1620, 2430, 0.3240000000000052, 0.48599999999999416, 0.04373999999999926, 3240, 4050, 4860, 810490, 808680, 810, 1620, undefined, 1493684974598
Sustainer, Armed, 1300.8099999999808, 32.98938100000095, -106.97296900000481, 810, 1620, 2430, 0.3240000000000052, 0.48599999999999416, 0.04373999999999926, 3240, 4050, 4860, 810680, 809680, 810, 1620, undefined, 1493684974598
Booster, Armed, 1308.1099999999926, 32.98938110000095, -106.97296890000482, 811, 1622, 2433, 0.3244000000000052, 0.48659999999999415, 0.04379399999999926, 3244, 4055, 4866, 811489, 809678, 811, 1622, undefined, 1493684974618
Sustainer, Armed, 1300.8109999999808, 32.98938110000095, -106.97296890000482, 811, 1622, 2433, 0.3244000000000052, 0.48659999999999415, 0.04379399999999926, 3244, 4055, 4866, 811678, 810678, 811, 1622, undefined, 1493684974618
Booster, Armed, 1308.1199999999926, 32.98938120000095, -106.97296880000482, 812, 1624, 2436, 0.3248000000000052, 0.48719999999999414, 0.043847999999999256, 3248, 4060, 4872, 812488, 810676, 812, 1624, undefined, 1493684974638
Sustainer, Armed, 1300.8119999999808, 32.98938120000095, -106.97296880000482, 812, 1624, 2436, 0.3248000000000052, 0.48719999999999414, 0.043847999999999256, 3248, 4060, 4872, 812676, 811676, 812, 1624, undefined, 1493684974638
Booster, Armed, 1308.1299999999926, 32.98938130000095, -106.97296870000483, 813, 1626, 2439, 0.3252000000000052, 0.4877999999999941, 0.043901999999999254, 3252, 4065, 4878, 813487, 811674, 813, 1626, undefined, 1493684974658
Sustainer, Armed, 1300.8129999999808, 32.98938130000095, -106.97296870000483, 813, 1626, 2439, 0.3252000000000052, 0.4877999999999941, 0.043901999999999254, 3252, 4065, 4878, 813674, 812674, 813, 1626, undefined, 1493684974658
Booster, Armed, 1308.1399999999926, 32.98938140000095, -106.97296860000483, 814, 1628, 2442, 0.3256000000000052, 0.4883999999999941, 0.04395599999999925, 3256, 4070, 4884, 814486, 812672, 814, 1628, undefined, 1493684974678
Sustainer, Armed, 1300.8139999999808, 32.98938140000095, -106.97296860000483, 814, 1628, 2442, 0.3256000000000052, 0.4883999999999941, 0.04395599999999925, 3256, 4070, 4884, 814672, 813672, 814, 1628, undefined, 1493684974678
Booster, Armed, 1308.1499999999926, 32.98938150000095, -106.97296850000484, 815, 1630, 2445, 0.32600000000000523, 0.4889999999999941, 0.04400999999999925, 3260, 4075, 4890, 815485, 813670, 815, 1630, undefined, 1493684974698
Sustainer, Armed, 1300.8149999999807, 32.98938150000095, -106.97296850000484, 815, 1630, 2445, 0.32600000000000523, 0.4889999999999941, 0.04400999999999925, 3260, 4075, 4890, 815670, 814670, 815, 1630, undefined, 1493684974698
Booster, Armed, 1308.1599999999926, 32.989381600000954, -106.97296840000485, 816, 1632, 2448, 0.32640000000000524, 0.4895999999999941, 0.04406399999999925, 3264, 4080, 4896, 816484, 814668, 816, 1632, undefined, 1493684974718
Sustainer, Armed, 1300.8159999999807, 32.989381600000954, -106.97296840000485, 816, 1632, 2448, 0.32640000000000524, 0.4895999999999941, 0.04406399999999925, 3264, 4080, 4896, 816668, 815668, 816, 1632, undefined, 1493684974718
Booster, Armed, 1308.1699999999926, 32.989381700000955, -106.97296830000485, 817, 1634, 2451, 0.32680000000000525, 0.4901999999999941, 0.04411799999999925, 3268, 4085, 4902, 817483, 815666, 817, 1634, undefined, 1493684974738
Sustainer, Armed, 1300.8169999999807, 32.989381700000955, -106.97296830000485, 817, 1634, 2451, 0.32680000000000525, 0.4901999999999941, 0.04411799999999925, 3268, 4085, 4902, 817666, 816666, 817, 1634, undefined, 1493684974738
Booster, Armed, 1308.1799999999926, 32.989381800000956, -106.97296820000486, 818, 1636, 2454, 0.32720000000000526, 0.4907999999999941, 0.04417199999999925, 3272, 4090, 4908, 818482, 816664, 818, 1636, undefined, 1493684974758
Sustainer, Armed, 1300.8179999999807, 32.989381800000956, -106.97296820000486, 818, 1636, 2454, 0.32720000000000526, 0.4907999999999941, 0.04417199999999925, 3272, 4090, 4908, 818664, 817664, 818, 1636, undefined, 1493684974758
Booster, Armed, 1308.1899999999926, 32.98938190000096, -106.97296810000486, 819, 1638, 2457, 0.3276000000000053, 0.49139999999999406, 0.044225999999999245, 3276, 4095, 4914, 819481, 817662, 819, 1638, undefined, 1493684974778
Sustainer, Armed, 1300.8189999999806, 32.98938190000096, -106.97296810000486, 819, 1638, 2457, 0.3276000000000053, 0.49139999999999406, 0.044225999999999245, 3276, 4095, 4914, 819662, 818662, 819, 1638, undefined, 1493684974778
Booster, Armed, 1308.1999999999925, 32.98938200000096, -106.97296800000487, 820, 1640, 2460, 0.3280000000000053, 0.49199999999999405, 0.044279999999999244, 3280, 4100, 4920, 820480, 818660, 820, 1640, undefined, 1493684974798
Sustainer, Armed, 1300.8199999999806, 32.98938200000096, -106.97296800000487, 820, 1640, 2460, 0.3280000000000053, 0.49199999999999405, 0.044279999999999244, 3280, 4100, 4920, 820660, 819660, 820, 1640, undefined, 1493684974798
Booster, Armed, 1308.2099999999925, 32.98938210000096, -106.97296790000487, 821, 1642, 2463, 0.3284000000000053, 0.49259999999999404, 0.04433399999999924, 3284, 4105, 4926, 821479, 819658, 821, 1642, undefined, 1493684974818
Sustainer, Armed, 1300.8209999999806, 32.98938210000096, -106.97296790000487, 821, 1642, 2463, 0.3284000000000053, 0.49259999999999404, 0.04433399999999924, 3284, 4105, 4926, 821658, 820658, 821, 1642, undefined, 1493684974818
Booster, Armed, 1308.2199999999925, 32.98938220000096, -106.97296780000488, 822, 1644, 2466, 0.3288000000000053, 0.49319999999999403, 0.04438799999999924, 3288, 4110, 4932, 822478, 820656, 822, 1644, undefined, 1493684974838
Sustainer, Armed, 1300.8219999999806, 32.98938220000096, -106.97296780000488, 822, 1644, 2466, 0.3288000000000053, 0.49319999999999403, 0.04438799999999924, 3288, 4110, 4932, 822656, 821656, 822, 1644, undefined, 1493684974838
Booster, Armed, 1308.2299999999925, 32.98938230000096, -106.97296770000489, 823, 1646, 2469, 0.3292000000000053, 0.493799999999994, 0.04444199999999924, 3292, 4115, 4938, 823477, 821654, 823, 1646, undefined, 1493684974858
Sustainer, Armed, 1300.8229999999805, 32.98938230000096, -106.97296770000489, 823, 1646, 2469, 0.3292000000000053, 0.493799999999994, 0.04444199999999924, 3292, 4115, 4938, 823654, 822654, 823, 1646, undefined, 1493684974858
Booster, Armed, 1308.2399999999925, 32.98938240000096, -106.97296760000489, 824, 1648, 2472, 0.32960000000000533, 0.494399999999994, 0.04449599999999924, 3296, 4120, 4944, 824476, 822652, 824, 1648, undefined, 1493684974878
Sustainer, Armed, 1300.8239999999805, 32.98938240000096, -106.97296760000489, 824, 1648, 2472, 0.32960000000000533, 0.494399999999994, 0.04449599999999924, 3296, 4120, 4944, 824652, 823652, 824, 1648, undefined, 1493684974878
Booster, Armed, 1308.2499999999925, 32.989382500000964, -106.9729675000049, 825, 1650, 2475, 0.33000000000000534, 0.494999999999994, 0.044549999999999236, 3300, 4125, 4950, 825475, 823650, 825, 1650, undefined, 1493684974899
Sustainer, Armed, 1300.8249999999805, 32.989382500000964, -106.9729675000049, 825, 1650, 2475, 0.33000000000000534, 0.494999999999994, 0.044549999999999236, 3300, 4125, 4950, 825650, 824650, 825, 1650, undefined, 1493684974899
Booster, Armed, 1308.2599999999925, 32.989382600000965, -106.9729674000049, 826, 1652, 2478, 0.33040000000000536, 0.495599999999994, 0.044603999999999235, 3304, 4130, 4956, 826474, 824648, 826, 1652, undefined, 1493684974919
Sustainer, Armed, 1300.8259999999805, 32.989382600000965, -106.9729674000049, 826, 1652, 2478, 0.33040000000000536, 0.495599999999994, 0.044603999999999235, 3304, 4130, 4956, 826648, 825648, 826, 1652, undefined, 1493684974919
Booster, Armed, 1308.2699999999925, 32.98938270000097, -106.97296730000491, 827, 1654, 2481, 0.33080000000000537, 0.496199999999994, 0.04465799999999923, 3308, 4135, 4962, 827473, 825646, 827, 1654, undefined, 1493684974939
Sustainer, Armed, 1300.8269999999804, 32.98938270000097, -106.97296730000491, 827, 1654, 2481, 0.33080000000000537, 0.496199999999994, 0.04465799999999923, 3308, 4135, 4962, 827646, 826646, 827, 1654, undefined, 1493684974939
Booster, Armed, 1308.2799999999925, 32.98938280000097, -106.97296720000492, 828, 1656, 2484, 0.3312000000000054, 0.49679999999999397, 0.04471199999999923, 3312, 4140, 4968, 828472, 826644, 828, 1656, undefined, 1493684974959
Sustainer, Armed, 1300.8279999999804, 32.98938280000097, -106.97296720000492, 828, 1656, 2484, 0.3312000000000054, 0.49679999999999397, 0.04471199999999923, 3312, 4140, 4968, 828644, 827644, 828, 1656, undefined, 1493684974959
Booster, Armed, 1308.2899999999925, 32.98938290000097, -106.97296710000492, 829, 1658, 2487, 0.3316000000000054, 0.49739999999999396, 0.04476599999999923, 3316, 4145, 4974, 829471, 827642, 829, 1658, undefined, 1493684974979
Sustainer, Armed, 1300.8289999999804, 32.98938290000097, -106.97296710000492, 829, 1658, 2487, 0.3316000000000054, 0.49739999999999396, 0.04476599999999923, 3316, 4145, 4974, 829642, 828642, 829, 1658, undefined, 1493684974979
Booster, Armed, 1308.2999999999925, 32.98938300000097, -106.97296700000493, 830, 1660, 2490, 0.3320000000000054, 0.49799999999999395, 0.04481999999999923, 3320, 4150, 4980, 830470, 828640, 830, 1660, undefined, 1493684974999
Sustainer, Armed, 1300.8299999999804, 32.98938300000097, -106.97296700000493, 830, 1660, 2490, 0.3320000000000054, 0.49799999999999395, 0.04481999999999923, 3320, 4150, 4980, 830640, 829640, 830, 1660, undefined, 1493684974999
Booster, Armed, 1308.3099999999924, 32.98938310000097, -106.97296690000493, 831, 1662, 2493, 0.3324000000000054, 0.49859999999999394, 0.04487399999999923, 3324, 4155, 4986, 831469, 829638, 831, 1662, undefined, 1493684975019
Sustainer, Armed, 1300.8309999999803, 32.98938310000097, -106.97296690000493, 831, 1662, 2493, 0.3324000000000054, 0.49859999999999394, 0.04487399999999923, 3324, 4155, 4986, 831638, 830638, 831, 1662, undefined, 1493684975019
Booster, Armed, 1308.3199999999924, 32.98938320000097, -106.97296680000494, 832, 1664, 2496, 0.3328000000000054, 0.4991999999999939, 0.044927999999999225, 3328, 4160, 4992, 832468, 830636, 832, 1664, undefined, 1493684975040
Sustainer, Armed, 1300.8319999999803, 32.98938320000097, -106.97296680000494, 832, 1664, 2496, 0.3328000000000054, 0.4991999999999939, 0.044927999999999225, 3328, 4160, 4992, 832636, 831636, 832, 1664, undefined, 1493684975040
Booster, Armed, 1308.3299999999924, 32.98938330000097, -106.97296670000495, 833, 1666, 2499, 0.33320000000000544, 0.4997999999999939, 0.044981999999999224, 3332, 4165, 4998, 833467, 831634, 833, 1666, undefined, 1493684975060
Sustainer, Armed, 1300.8329999999803, 32.98938330000097, -106.97296670000495, 833, 1666, 2499, 0.33320000000000544, 0.4997999999999939, 0.044981999999999224, 3332, 4165, 4998, 833634, 832634, 833, 1666, undefined, 1493684975060
Booster, Armed, 1308.3399999999924, 32.989383400000975, -106.97296660000495, 834, 1668, 2502, 0.33360000000000545, 0.500399999999994, 0.04503599999999922, 3336, 4170, 5004, 834466, 832632, 834, 1668, undefined, 1493684975080
Sustainer, Armed, 1300.8339999999803, 32.989383400000975, -106.97296660000495, 834, 1668, 2502, 0.33360000000000545, 0.500399999999994, 0.04503599999999922, 3336, 4170, 5004, 834632, 833632, 834, 1668, undefined, 1493684975080
Booster, Armed, 1308.3499999999924, 32.989383500000976, -106.97296650000496, 835, 1670, 2505, 0.33400000000000546, 0.500999999999994, 0.04508999999999922, 3340, 4175, 5010, 835465, 833630, 835, 1670, undefined, 1493684975100
Sustainer, Armed, 1300.8349999999803, 32.989383500000976, -106.97296650000496, 835, 1670, 2505, 0.33400000000000546, 0.500999999999994, 0.04508999999999922, 3340, 4175, 5010, 835630, 834630, 835, 1670, undefined, 1493684975100
Booster, Armed, 1308.3599999999924, 32.98938360000098, -106.97296640000496, 836, 1672, 2508, 0.33440000000000547, 0.501599999999994, 0.04514399999999922, 3344, 4180, 5016, 836464, 834628, 836, 1672, undefined, 1493684975120
Sustainer, Armed, 1300.8359999999802, 32.98938360000098, -106.97296640000496, 836, 1672, 2508, 0.33440000000000547, 0.501599999999994, 0.04514399999999922, 3344, 4180, 5016, 836628, 835628, 836, 1672, undefined, 1493684975120
Booster, Armed, 1308.3699999999924, 32.98938370000098, -106.97296630000497, 837, 1674, 2511, 0.3348000000000055, 0.5021999999999941, 0.04519799999999922, 3348, 4185, 5022, 837463, 835626, 837, 1674, undefined, 1493684975140
Sustainer, Armed, 1300.8369999999802, 32.98938370000098, -106.97296630000497, 837, 1674, 2511, 0.3348000000000055, 0.5021999999999941, 0.04519799999999922, 3348, 4185, 5022, 837626, 836626, 837, 1674, undefined, 1493684975140
Booster, Armed, 1308.3799999999924, 32.98938380000098, -106.97296620000498, 838, 1676, 2514, 0.3352000000000055, 0.5027999999999941, 0.045251999999999216, 3352, 4190, 5028, 838462, 836624, 838, 1676, undefined, 1493684975160
Sustainer, Armed, 1300.8379999999802, 32.98938380000098, -106.97296620000498, 838, 1676, 2514, 0.3352000000000055, 0.5027999999999941, 0.045251999999999216, 3352, 4190, 5028, 838624, 837624, 838, 1676, undefined, 1493684975160
Booster, Armed, 1308.3899999999924, 32.98938390000098, -106.97296610000498, 839, 1678, 2517, 0.3356000000000055, 0.5033999999999942, 0.045305999999999215, 3356, 4195, 5034, 839461, 837622, 839, 1678, undefined, 1493684975180
Sustainer, Armed, 1300.8389999999802, 32.98938390000098, -106.97296610000498, 839, 1678, 2517, 0.3356000000000055, 0.5033999999999942, 0.045305999999999215, 3356, 4195, 5034, 839622, 838622, 839, 1678, undefined, 1493684975180
Booster, Armed, 1308.3999999999924, 32.98938400000098, -106.97296600000499, 840, 1680, 2520, 0.3360000000000055, 0.5039999999999942, 0.04535999999999921, 3360, 4200, 5040, 840460, 838620, 840, 1680, undefined, 1493684975200
Sustainer, Armed, 1300.8399999999801, 32.98938400000098, -106.97296600000499, 840, 1680, 2520, 0.3360000000000055, 0.5039999999999942, 0.04535999999999921, 3360, 4200, 5040, 840620, 839620, 840, 1680, undefined, 1493684975200
Booster, Armed, 1308.4099999999924, 32.98938410000098, -106.972965900005, 841, 1682, 2523, 0.33640000000000553, 0.5045999999999943, 0.04541399999999921, 3364, 4205, 5046, 841459, 839618, 841, 1682, undefined, 1493684975220
Sustainer, Armed, 1300.84099999998, 32.98938410000098, -106.972965900005, 841, 1682, 2523, 0.33640000000000553, 0.5045999999999943, 0.04541399999999921, 3364, 4205, 5046, 841618, 840618, 841, 1682, undefined, 1493684975220
Booster, Armed, 1308.4199999999923, 32.989384200000984, -106.972965800005, 842, 1684, 2526, 0.33680000000000554, 0.5051999999999943, 0.04546799999999921, 3368, 4210, 5052, 842458, 840616, 842, 1684, undefined, 1493684975241
Sustainer, Armed, 1300.84199999998, 32.989384200000984, -106.972965800005, 842, 1684, 2526, 0.33680000000000554, 0.5051999999999943, 0.04546799999999921, 3368, 4210, 5052, 842616, 841616, 842, 1684, undefined, 1493684975241
Booster, Armed, 1308.4299999999923, 32.989384300000985, -106.972965700005, 843, 1686, 2529, 0.33720000000000555, 0.5057999999999944, 0.04552199999999921, 3372, 4215, 5058, 843457, 841614, 843, 1686, undefined, 1493684975261
Sustainer, Armed, 1300.84299999998, 32.989384300000985, -106.972965700005, 843, 1686, 2529, 0.33720000000000555, 0.5057999999999944, 0.04552199999999921, 3372, 4215, 5058, 843614, 842614, 843, 1686, undefined, 1493684975261
Booster, Armed, 1308.4399999999923, 32.989384400000986, -106.97296560000501, 844, 1688, 2532, 0.33760000000000556, 0.5063999999999944, 0.04557599999999921, 3376, 4220, 5064, 844456, 842612, 844, 1688, undefined, 1493684975281
Sustainer, Armed, 1300.84399999998, 32.989384400000986, -106.97296560000501, 844, 1688, 2532, 0.33760000000000556, 0.5063999999999944, 0.04557599999999921, 3376, 4220, 5064, 844612, 843612, 844, 1688, undefined, 1493684975281
Booster, Armed, 1308.4499999999923, 32.98938450000099, -106.97296550000502, 845, 1690, 2535, 0.3380000000000056, 0.5069999999999945, 0.045629999999999206, 3380, 4225, 5070, 845455, 843610, 845, 1690, undefined, 1493684975301
Sustainer, Armed, 1300.84499999998, 32.98938450000099, -106.97296550000502, 845, 1690, 2535, 0.3380000000000056, 0.5069999999999945, 0.045629999999999206, 3380, 4225, 5070, 845610, 844610, 845, 1690, undefined, 1493684975301
Booster, Armed, 1308.4599999999923, 32.98938460000099, -106.97296540000502, 846, 1692, 2538, 0.3384000000000056, 0.5075999999999945, 0.045683999999999204, 3384, 4230, 5076, 846454, 844608, 846, 1692, undefined, 1493684975321
Sustainer, Armed, 1300.84599999998, 32.98938460000099, -106.97296540000502, 846, 1692, 2538, 0.3384000000000056, 0.5075999999999945, 0.045683999999999204, 3384, 4230, 5076, 846608, 845608, 846, 1692, undefined, 1493684975321
Booster, Armed, 1308.4699999999923, 32.98938470000099, -106.97296530000503, 847, 1694, 2541, 0.3388000000000056, 0.5081999999999945, 0.0457379999999992, 3388, 4235, 5082, 847453, 845606, 847, 1694, undefined, 1493684975341
Sustainer, Armed, 1300.84699999998, 32.98938470000099, -106.97296530000503, 847, 1694, 2541, 0.3388000000000056, 0.5081999999999945, 0.0457379999999992, 3388, 4235, 5082, 847606, 846606, 847, 1694, undefined, 1493684975341
Booster, Armed, 1308.4799999999923, 32.98938480000099, -106.97296520000504, 848, 1696, 2544, 0.3392000000000056, 0.5087999999999946, 0.0457919999999992, 3392, 4240, 5088, 848452, 846604, 848, 1696, undefined, 1493684975361
Sustainer, Armed, 1300.84799999998, 32.98938480000099, -106.97296520000504, 848, 1696, 2544, 0.3392000000000056, 0.5087999999999946, 0.0457919999999992, 3392, 4240, 5088, 848604, 847604, 848, 1696, undefined, 1493684975361
Booster, Armed, 1308.4899999999923, 32.98938490000099, -106.97296510000504, 849, 1698, 2547, 0.3396000000000056, 0.5093999999999946, 0.0458459999999992, 3396, 4245, 5094, 849451, 847602, 849, 1698, undefined, 1493684975382
Sustainer, Armed, 1300.84899999998, 32.98938490000099, -106.97296510000504, 849, 1698, 2547, 0.3396000000000056, 0.5093999999999946, 0.0458459999999992, 3396, 4245, 5094, 849602, 848602, 849, 1698, undefined, 1493684975382
Booster, Armed, 1308.4999999999923, 32.98938500000099, -106.97296500000505, 850, 1700, 2550, 0.34000000000000563, 0.5099999999999947, 0.0458999999999992, 3400, 4250, 5100, 850450, 848600, 850, 1700, undefined, 1493684975402
Sustainer, Armed, 1300.84999999998, 32.98938500000099, -106.97296500000505, 850, 1700, 2550, 0.34000000000000563, 0.5099999999999947, 0.0458999999999992, 3400, 4250, 5100, 850600, 849600, 850, 1700, undefined, 1493684975402
Booster, Armed, 1308.5099999999923, 32.989385100000995, -106.97296490000505, 851, 1702, 2553, 0.34040000000000564, 0.5105999999999947, 0.0459539999999992, 3404, 4255, 5106, 851449, 849598, 851, 1702, undefined, 1493684975422
Sustainer, Armed, 1300.8509999999799, 32.989385100000995, -106.97296490000505, 851, 1702, 2553, 0.34040000000000564, 0.5105999999999947, 0.0459539999999992, 3404, 4255, 5106, 851598, 850598, 851, 1702, undefined, 1493684975422
Booster, Armed, 1308.5199999999923, 32.989385200000996, -106.97296480000506, 852, 1704, 2556, 0.34080000000000565, 0.5111999999999948, 0.046007999999999195, 3408, 4260, 5112, 852448, 850596, 852, 1704, undefined, 1493684975443
Sustainer, Armed, 1300.8519999999799, 32.989385200000996, -106.97296480000506, 852, 1704, 2556, 0.34080000000000565, 0.5111999999999948, 0.046007999999999195, 3408, 4260, 5112, 852596, 851596, 852, 1704, undefined, 1493684975443
Booster, Armed, 1308.5299999999922, 32.989385300001, -106.97296470000506, 853, 1706, 2559, 0.34120000000000567, 0.5117999999999948, 0.046061999999999194, 3412, 4265, 5118, 853447, 851594, 853, 1706, undefined, 1493684975463
Sustainer, Armed, 1300.8529999999798, 32.989385300001, -106.97296470000506, 853, 1706, 2559, 0.34120000000000567, 0.5117999999999948, 0.046061999999999194, 3412, 4265, 5118, 853594, 852594, 853, 1706, undefined, 1493684975463
Booster, Armed, 1308.5399999999922, 32.989385400001, -106.97296460000507, 854, 1708, 2562, 0.3416000000000057, 0.5123999999999949, 0.04611599999999919, 3416, 4270, 5124, 854446, 852592, 854, 1708, undefined, 1493684975483
Sustainer, Armed, 1300.8539999999798, 32.989385400001, -106.97296460000507, 854, 1708, 2562, 0.3416000000000057, 0.5123999999999949, 0.04611599999999919, 3416, 4270, 5124, 854592, 853592, 854, 1708, undefined, 1493684975483
Booster, Armed, 1308.5499999999922, 32.989385500001, -106.97296450000508, 855, 1710, 2565, 0.3420000000000057, 0.5129999999999949, 0.04616999999999919, 3420, 4275, 5130, 855445, 853590, 855, 1710, undefined, 1493684975503
Sustainer, Armed, 1300.8549999999798, 32.989385500001, -106.97296450000508, 855, 1710, 2565, 0.3420000000000057, 0.5129999999999949, 0.04616999999999919, 3420, 4275, 5130, 855590, 854590, 855, 1710, undefined, 1493684975503
Booster, Armed, 1308.5599999999922, 32.989385600001, -106.97296440000508, 856, 1712, 2568, 0.3424000000000057, 0.513599999999995, 0.04622399999999919, 3424, 4280, 5136, 856444, 854588, 856, 1712, undefined, 1493684975525
Sustainer, Armed, 1300.8559999999798, 32.989385600001, -106.97296440000508, 856, 1712, 2568, 0.3424000000000057, 0.513599999999995, 0.04622399999999919, 3424, 4280, 5136, 856588, 855588, 856, 1712, undefined, 1493684975525
Booster, Armed, 1308.5699999999922, 32.989385700001, -106.97296430000509, 857, 1714, 2571, 0.3428000000000057, 0.514199999999995, 0.04627799999999919, 3428, 4285, 5142, 857443, 855586, 857, 1714, undefined, 1493684975545
Sustainer, Armed, 1300.8569999999797, 32.989385700001, -106.97296430000509, 857, 1714, 2571, 0.3428000000000057, 0.514199999999995, 0.04627799999999919, 3428, 4285, 5142, 857586, 856586, 857, 1714, undefined, 1493684975545
Booster, Armed, 1308.5799999999922, 32.989385800001, -106.9729642000051, 858, 1716, 2574, 0.3432000000000057, 0.514799999999995, 0.046331999999999186, 3432, 4290, 5148, 858442, 856584, 858, 1716, undefined, 1493684975565
Sustainer, Armed, 1300.8579999999797, 32.989385800001, -106.9729642000051, 858, 1716, 2574, 0.3432000000000057, 0.514799999999995, 0.046331999999999186, 3432, 4290, 5148, 858584, 857584, 858, 1716, undefined, 1493684975565
Booster, Armed, 1308.5899999999922, 32.989385900001004, -106.9729641000051, 859, 1718, 2577, 0.34360000000000573, 0.5153999999999951, 0.046385999999999185, 3436, 4295, 5154, 859441, 857582, 859, 1718, undefined, 1493684975585
Sustainer, Armed, 1300.8589999999797, 32.989385900001004, -106.9729641000051, 859, 1718, 2577, 0.34360000000000573, 0.5153999999999951, 0.046385999999999185, 3436, 4295, 5154, 859582, 858582, 859, 1718, undefined, 1493684975585
Booster, Armed, 1308.5999999999922, 32.989386000001005, -106.9729640000051, 860, 1720, 2580, 0.34400000000000575, 0.5159999999999951, 0.04643999999999918, 3440, 4300, 5160, 860440, 858580, 860, 1720, undefined, 1493684975605
Sustainer, Armed, 1300.8599999999797, 32.989386000001005, -106.9729640000051, 860, 1720, 2580, 0.34400000000000575, 0.5159999999999951, 0.04643999999999918, 3440, 4300, 5160, 860580, 859580, 860, 1720, undefined, 1493684975605
Booster, Armed, 1308.6099999999922, 32.989386100001006, -106.97296390000511, 861, 1722, 2583, 0.34440000000000576, 0.5165999999999952, 0.04649399999999918, 3444, 4305, 5166, 861439, 859578, 861, 1722, undefined, 1493684975625
Sustainer, Armed, 1300.8609999999796, 32.989386100001006, -106.97296390000511, 861, 1722, 2583, 0.34440000000000576, 0.5165999999999952, 0.04649399999999918, 3444, 4305, 5166, 861578, 860578, 861, 1722, undefined, 1493684975625
Booster, Armed, 1308.6199999999922, 32.98938620000101, -106.97296380000512, 862, 1724, 2586, 0.34480000000000577, 0.5171999999999952, 0.04654799999999918, 3448, 4310, 5172, 862438, 860576, 862, 1724, undefined, 1493684975645
Sustainer, Armed, 1300.8619999999796, 32.98938620000101, -106.97296380000512, 862, 1724, 2586, 0.34480000000000577, 0.5171999999999952, 0.04654799999999918, 3448, 4310, 5172, 862576, 861576, 862, 1724, undefined, 1493684975645
Booster, Armed, 1308.6299999999922, 32.98938630000101, -106.97296370000512, 863, 1726, 2589, 0.3452000000000058, 0.5177999999999953, 0.04660199999999918, 3452, 4315, 5178, 863437, 861574, 863, 1726, undefined, 1493684975666
Sustainer, Armed, 1300.8629999999796, 32.98938630000101, -106.97296370000512, 863, 1726, 2589, 0.3452000000000058, 0.5177999999999953, 0.04660199999999918, 3452, 4315, 5178, 863574, 862574, 863, 1726, undefined, 1493684975666
Booster, Armed, 1308.6399999999921, 32.98938640000101, -106.97296360000513, 864, 1728, 2592, 0.3456000000000058, 0.5183999999999953, 0.04665599999999918, 3456, 4320, 5184, 864436, 862572, 864, 1728, undefined, 1493684975686
Sustainer, Armed, 1300.8639999999796, 32.98938640000101, -106.97296360000513, 864, 1728, 2592, 0.3456000000000058, 0.5183999999999953, 0.04665599999999918, 3456, 4320, 5184, 864572, 863572, 864, 1728, undefined, 1493684975686
Booster, Armed, 1308.6499999999921, 32.98938650000101, -106.97296350000514, 865, 1730, 2595, 0.3460000000000058, 0.5189999999999954, 0.046709999999999176, 3460, 4325, 5190, 865435, 863570, 865, 1730, undefined, 1493684975707
Sustainer, Armed, 1300.8649999999795, 32.98938650000101, -106.97296350000514, 865, 1730, 2595, 0.3460000000000058, 0.5189999999999954, 0.046709999999999176, 3460, 4325, 5190, 865570, 864570, 865, 1730, undefined, 1493684975707
Booster, Armed, 1308.6599999999921, 32.98938660000101, -106.97296340000514, 866, 1732, 2598, 0.3464000000000058, 0.5195999999999954, 0.046763999999999174, 3464, 4330, 5196, 866434, 864568, 866, 1732, undefined, 1493684975728
Sustainer, Armed, 1300.8659999999795, 32.98938660000101, -106.97296340000514, 866, 1732, 2598, 0.3464000000000058, 0.5195999999999954, 0.046763999999999174, 3464, 4330, 5196, 866568, 865568, 866, 1732, undefined, 1493684975728
Booster, Armed, 1308.6699999999921, 32.98938670000101, -106.97296330000515, 867, 1734, 2601, 0.3468000000000058, 0.5201999999999954, 0.04681799999999917, 3468, 4335, 5202, 867433, 865566, 867, 1734, undefined, 1493684975749
Sustainer, Armed, 1300.8669999999795, 32.98938670000101, -106.97296330000515, 867, 1734, 2601, 0.3468000000000058, 0.5201999999999954, 0.04681799999999917, 3468, 4335, 5202, 867566, 866566, 867, 1734, undefined, 1493684975749
Booster, Armed, 1308.679999999992, 32.989386800001014, -106.97296320000515, 868, 1736, 2604, 0.34720000000000584, 0.5207999999999955, 0.04687199999999917, 3472, 4340, 5208, 868432, 866564, 868, 1736, undefined, 1493684975770
Sustainer, Armed, 1300.8679999999795, 32.989386800001014, -106.97296320000515, 868, 1736, 2604, 0.34720000000000584, 0.5207999999999955, 0.04687199999999917, 3472, 4340, 5208, 868564, 867564, 868, 1736, undefined, 1493684975770
Booster, Armed, 1308.689999999992, 32.989386900001016, -106.97296310000516, 869, 1738, 2607, 0.34760000000000585, 0.5213999999999955, 0.04692599999999917, 3476, 4345, 5214, 869431, 867562, 869, 1738, undefined, 1493684975791
Sustainer, Armed, 1300.8689999999795, 32.989386900001016, -106.97296310000516, 869, 1738, 2607, 0.34760000000000585, 0.5213999999999955, 0.04692599999999917, 3476, 4345, 5214, 869562, 868562, 869, 1738, undefined, 1493684975791
Booster, Armed, 1308.699999999992, 32.98938700000102, -106.97296300000517, 870, 1740, 2610, 0.34800000000000586, 0.5219999999999956, 0.04697999999999917, 3480, 4350, 5220, 870430, 868560, 870, 1740, undefined, 1493684975812
Sustainer, Armed, 1300.8699999999794, 32.98938700000102, -106.97296300000517, 870, 1740, 2610, 0.34800000000000586, 0.5219999999999956, 0.04697999999999917, 3480, 4350, 5220, 870560, 869560, 870, 1740, undefined, 1493684975812
Booster, Armed, 1308.709999999992, 32.98938710000102, -106.97296290000517, 871, 1742, 2613, 0.34840000000000587, 0.5225999999999956, 0.04703399999999917, 3484, 4355, 5226, 871429, 869558, 871, 1742, undefined, 1493684975833
Sustainer, Armed, 1300.8709999999794, 32.98938710000102, -106.97296290000517, 871, 1742, 2613, 0.34840000000000587, 0.5225999999999956, 0.04703399999999917, 3484, 4355, 5226, 871558, 870558, 871, 1742, undefined, 1493684975833
Booster, Armed, 1308.719999999992, 32.98938720000102, -106.97296280000518, 872, 1744, 2616, 0.3488000000000059, 0.5231999999999957, 0.047087999999999165, 3488, 4360, 5232, 872428, 870556, 872, 1744, undefined, 1493684975854
Sustainer, Armed, 1300.8719999999794, 32.98938720000102, -106.97296280000518, 872, 1744, 2616, 0.3488000000000059, 0.5231999999999957, 0.047087999999999165, 3488, 4360, 5232, 872556, 871556, 872, 1744, undefined, 1493684975854
Booster, Armed, 1308.729999999992, 32.98938730000102, -106.97296270000518, 873, 1746, 2619, 0.3492000000000059, 0.5237999999999957, 0.047141999999999164, 3492, 4365, 5238, 873427, 871554, 873, 1746, undefined, 1493684975875
Sustainer, Armed, 1300.8729999999794, 32.98938730000102, -106.97296270000518, 873, 1746, 2619, 0.3492000000000059, 0.5237999999999957, 0.047141999999999164, 3492, 4365, 5238, 873554, 872554, 873, 1746, undefined, 1493684975875
Booster, Armed, 1308.739999999992, 32.98938740000102, -106.97296260000519, 874, 1748, 2622, 0.3496000000000059, 0.5243999999999958, 0.04719599999999916, 3496, 4370, 5244, 874426, 872552, 874, 1748, undefined, 1493684975896
Sustainer, Armed, 1300.8739999999793, 32.98938740000102, -106.97296260000519, 874, 1748, 2622, 0.3496000000000059, 0.5243999999999958, 0.04719599999999916, 3496, 4370, 5244, 874552, 873552, 874, 1748, undefined, 1493684975896
Booster, Armed, 1308.749999999992, 32.98938750000102, -106.9729625000052, 875, 1750, 2625, 0.3500000000000059, 0.5249999999999958, 0.04724999999999916, 3500, 4375, 5250, 875425, 873550, 875, 1750, undefined, 1493684975917
Sustainer, Armed, 1300.8749999999793, 32.98938750000102, -106.9729625000052, 875, 1750, 2625, 0.3500000000000059, 0.5249999999999958, 0.04724999999999916, 3500, 4375, 5250, 875550, 874550, 875, 1750, undefined, 1493684975917
Booster, Armed, 1308.759999999992, 32.989387600001024, -106.9729624000052, 876, 1752, 2628, 0.35040000000000593, 0.5255999999999958, 0.04730399999999916, 3504, 4380, 5256, 876424, 874548, 876, 1752, undefined, 1493684975937
Sustainer, Armed, 1300.8759999999793, 32.989387600001024, -106.9729624000052, 876, 1752, 2628, 0.35040000000000593, 0.5255999999999958, 0.04730399999999916, 3504, 4380, 5256, 876548, 875548, 876, 1752, undefined, 1493684975937
Booster, Armed, 1308.769999999992, 32.989387700001025, -106.97296230000521, 877, 1754, 2631, 0.35080000000000594, 0.5261999999999959, 0.04735799999999916, 3508, 4385, 5262, 877423, 875546, 877, 1754, undefined, 1493684975957
Sustainer, Armed, 1300.8769999999793, 32.989387700001025, -106.97296230000521, 877, 1754, 2631, 0.35080000000000594, 0.5261999999999959, 0.04735799999999916, 3508, 4385, 5262, 877546, 876546, 877, 1754, undefined, 1493684975957
Booster, Armed, 1308.779999999992, 32.989387800001026, -106.97296220000521, 878, 1756, 2634, 0.35120000000000595, 0.5267999999999959, 0.047411999999999156, 3512, 4390, 5268, 878422, 876544, 878, 1756, undefined, 1493684975977
Sustainer, Armed, 1300.8779999999792, 32.989387800001026, -106.97296220000521, 878, 1756, 2634, 0.35120000000000595, 0.5267999999999959, 0.047411999999999156, 3512, 4390, 5268, 878544, 877544, 878, 1756, undefined, 1493684975977
Booster, Armed, 1308.789999999992, 32.98938790000103, -106.97296210000522, 879, 1758, 2637, 0.35160000000000596, 0.527399999999996, 0.047465999999999155, 3516, 4395, 5274, 879421, 877542, 879, 1758, undefined, 1493684975997
Sustainer, Armed, 1300.8789999999792, 32.98938790000103, -106.97296210000522, 879, 1758, 2637, 0.35160000000000596, 0.527399999999996, 0.047465999999999155, 3516, 4395, 5274, 879542, 878542, 879, 1758, undefined, 1493684975997
Booster, Armed, 1308.799999999992, 32.98938800000103, -106.97296200000523, 880, 1760, 2640, 0.352000000000006, 0.527999999999996, 0.04751999999999915, 3520, 4400, 5280, 880420, 878540, 880, 1760, undefined, 1493684976017
Sustainer, Armed, 1300.8799999999792, 32.98938800000103, -106.97296200000523, 880, 1760, 2640, 0.352000000000006, 0.527999999999996, 0.04751999999999915, 3520, 4400, 5280, 880540, 879540, 880, 1760, undefined, 1493684976017
Booster, Armed, 1308.809999999992, 32.98938810000103, -106.97296190000523, 881, 1762, 2643, 0.352400000000006, 0.5285999999999961, 0.04757399999999915, 3524, 4405, 5286, 881419, 879538, 881, 1762, undefined, 1493684976037
Sustainer, Armed, 1300.8809999999792, 32.98938810000103, -106.97296190000523, 881, 1762, 2643, 0.352400000000006, 0.5285999999999961, 0.04757399999999915, 3524, 4405, 5286, 881538, 880538, 881, 1762, undefined, 1493684976037
Booster, Armed, 1308.819999999992, 32.98938820000103, -106.97296180000524, 882, 1764, 2646, 0.352800000000006, 0.5291999999999961, 0.04762799999999915, 3528, 4410, 5292, 882418, 880536, 882, 1764, undefined, 1493684976057
Sustainer, Armed, 1300.8819999999791, 32.98938820000103, -106.97296180000524, 882, 1764, 2646, 0.352800000000006, 0.5291999999999961, 0.04762799999999915, 3528, 4410, 5292, 882536, 881536, 882, 1764, undefined, 1493684976057
Booster, Armed, 1308.829999999992, 32.98938830000103, -106.97296170000524, 883, 1766, 2649, 0.353200000000006, 0.5297999999999962, 0.04768199999999915, 3532, 4415, 5298, 883417, 881534, 883, 1766, undefined, 1493684976077
Sustainer, Armed, 1300.8829999999791, 32.98938830000103, -106.97296170000524, 883, 1766, 2649, 0.353200000000006, 0.5297999999999962, 0.04768199999999915, 3532, 4415, 5298, 883534, 882534, 883, 1766, undefined, 1493684976077
Booster, Armed, 1308.839999999992, 32.98938840000103, -106.97296160000525, 884, 1768, 2652, 0.353600000000006, 0.5303999999999962, 0.04773599999999915, 3536, 4420, 5304, 884416, 882532, 884, 1768, undefined, 1493684976097
Sustainer, Armed, 1300.883999999979, 32.98938840000103, -106.97296160000525, 884, 1768, 2652, 0.353600000000006, 0.5303999999999962, 0.04773599999999915, 3536, 4420, 5304, 884532, 883532, 884, 1768, undefined, 1493684976097
Booster, Armed, 1308.849999999992, 32.989388500001034, -106.97296150000525, 885, 1770, 2655, 0.35400000000000603, 0.5309999999999963, 0.047789999999999146, 3540, 4425, 5310, 885415, 883530, 885, 1770, undefined, 1493684976117
Sustainer, Armed, 1300.884999999979, 32.989388500001034, -106.97296150000525, 885, 1770, 2655, 0.35400000000000603, 0.5309999999999963, 0.047789999999999146, 3540, 4425, 5310, 885530, 884530, 885, 1770, undefined, 1493684976117
Booster, Armed, 1308.859999999992, 32.989388600001035, -106.97296140000526, 886, 1772, 2658, 0.35440000000000604, 0.5315999999999963, 0.047843999999999144, 3544, 4430, 5316, 886414, 884528, 886, 1772, undefined, 1493684976137
Sustainer, Armed, 1300.885999999979, 32.989388600001035, -106.97296140000526, 886, 1772, 2658, 0.35440000000000604, 0.5315999999999963, 0.047843999999999144, 3544, 4430, 5316, 886528, 885528, 886, 1772, undefined, 1493684976137
Booster, Armed, 1308.869999999992, 32.98938870000104, -106.97296130000527, 887, 1774, 2661, 0.35480000000000605, 0.5321999999999963, 0.04789799999999914, 3548, 4435, 5322, 887413, 885526, 887, 1774, undefined, 1493684976157
Sustainer, Armed, 1300.886999999979, 32.98938870000104, -106.97296130000527, 887, 1774, 2661, 0.35480000000000605, 0.5321999999999963, 0.04789799999999914, 3548, 4435, 5322, 887526, 886526, 887, 1774, undefined, 1493684976157
Booster, Armed, 1308.879999999992, 32.98938880000104, -106.97296120000527, 888, 1776, 2664, 0.35520000000000607, 0.5327999999999964, 0.04795199999999914, 3552, 4440, 5328, 888412, 886524, 888, 1776, undefined, 1493684976177
Sustainer, Armed, 1300.887999999979, 32.98938880000104, -106.97296120000527, 888, 1776, 2664, 0.35520000000000607, 0.5327999999999964, 0.04795199999999914, 3552, 4440, 5328, 888524, 887524, 888, 1776, undefined, 1493684976177
Booster, Armed, 1308.889999999992, 32.98938890000104, -106.97296110000528, 889, 1778, 2667, 0.3556000000000061, 0.5333999999999964, 0.04800599999999914, 3556, 4445, 5334, 889411, 887522, 889, 1778, undefined, 1493684976197
Sustainer, Armed, 1300.888999999979, 32.98938890000104, -106.97296110000528, 889, 1778, 2667, 0.3556000000000061, 0.5333999999999964, 0.04800599999999914, 3556, 4445, 5334, 889522, 888522, 889, 1778, undefined, 1493684976197
Booster, Armed, 1308.899999999992, 32.98938900000104, -106.97296100000528, 890, 1780, 2670, 0.3560000000000061, 0.5339999999999965, 0.04805999999999914, 3560, 4450, 5340, 890410, 888520, 890, 1780, undefined, 1493684976217
Sustainer, Armed, 1300.889999999979, 32.98938900000104, -106.97296100000528, 890, 1780, 2670, 0.3560000000000061, 0.5339999999999965, 0.04805999999999914, 3560, 4450, 5340, 890520, 889520, 890, 1780, undefined, 1493684976217
Booster, Armed, 1308.909999999992, 32.98938910000104, -106.97296090000529, 891, 1782, 2673, 0.3564000000000061, 0.5345999999999965, 0.04811399999999914, 3564, 4455, 5346, 891409, 889518, 891, 1782, undefined, 1493684976237
Sustainer, Armed, 1300.890999999979, 32.98938910000104, -106.97296090000529, 891, 1782, 2673, 0.3564000000000061, 0.5345999999999965, 0.04811399999999914, 3564, 4455, 5346, 891518, 890518, 891, 1782, undefined, 1493684976237
Booster, Armed, 1308.919999999992, 32.98938920000104, -106.9729608000053, 892, 1784, 2676, 0.3568000000000061, 0.5351999999999966, 0.048167999999999135, 3568, 4460, 5352, 892408, 890516, 892, 1784, undefined, 1493684976257
Sustainer, Armed, 1300.891999999979, 32.98938920000104, -106.9729608000053, 892, 1784, 2676, 0.3568000000000061, 0.5351999999999966, 0.048167999999999135, 3568, 4460, 5352, 892516, 891516, 892, 1784, undefined, 1493684976257
Booster, Armed, 1308.9299999999919, 32.989389300001044, -106.9729607000053, 893, 1786, 2679, 0.3572000000000061, 0.5357999999999966, 0.048221999999999134, 3572, 4465, 5358, 893407, 891514, 893, 1786, undefined, 1493684976277
Sustainer, Armed, 1300.8929999999789, 32.989389300001044, -106.9729607000053, 893, 1786, 2679, 0.3572000000000061, 0.5357999999999966, 0.048221999999999134, 3572, 4465, 5358, 893514, 892514, 893, 1786, undefined, 1493684976277
Booster, Armed, 1308.9399999999919, 32.989389400001045, -106.97296060000531, 894, 1788, 2682, 0.35760000000000614, 0.5363999999999967, 0.04827599999999913, 3576, 4470, 5364, 894406, 892512, 894, 1788, undefined, 1493684976297
Sustainer, Armed, 1300.8939999999789, 32.989389400001045, -106.97296060000531, 894, 1788, 2682, 0.35760000000000614, 0.5363999999999967, 0.04827599999999913, 3576, 4470, 5364, 894512, 893512, 894, 1788, undefined, 1493684976297
Booster, Armed, 1308.9499999999919, 32.989389500001046, -106.97296050000531, 895, 1790, 2685, 0.35800000000000615, 0.5369999999999967, 0.04832999999999913, 3580, 4475, 5370, 895405, 893510, 895, 1790, undefined, 1493684976317
Sustainer, Armed, 1300.8949999999788, 32.989389500001046, -106.97296050000531, 895, 1790, 2685, 0.35800000000000615, 0.5369999999999967, 0.04832999999999913, 3580, 4475, 5370, 895510, 894510, 895, 1790, undefined, 1493684976317
Booster, Armed, 1308.9599999999919, 32.98938960000105, -106.97296040000532, 896, 1792, 2688, 0.35840000000000616, 0.5375999999999967, 0.04838399999999913, 3584, 4480, 5376, 896404, 894508, 896, 1792, undefined, 1493684976337
Sustainer, Armed, 1300.8959999999788, 32.98938960000105, -106.97296040000532, 896, 1792, 2688, 0.35840000000000616, 0.5375999999999967, 0.04838399999999913, 3584, 4480, 5376, 896508, 895508, 896, 1792, undefined, 1493684976337
Booster, Armed, 1308.9699999999918, 32.98938970000105, -106.97296030000533, 897, 1794, 2691, 0.35880000000000617, 0.5381999999999968, 0.04843799999999913, 3588, 4485, 5382, 897403, 895506, 897, 1794, undefined, 1493684976357
Sustainer, Armed, 1300.8969999999788, 32.98938970000105, -106.97296030000533, 897, 1794, 2691, 0.35880000000000617, 0.5381999999999968, 0.04843799999999913, 3588, 4485, 5382, 897506, 896506, 897, 1794, undefined, 1493684976357
Booster, Armed, 1308.9799999999918, 32.98938980000105, -106.97296020000533, 898, 1796, 2694, 0.3592000000000062, 0.5387999999999968, 0.048491999999999126, 3592, 4490, 5388, 898402, 896504, 898, 1796, undefined, 1493684976377
Sustainer, Armed, 1300.8979999999788, 32.98938980000105, -106.97296020000533, 898, 1796, 2694, 0.3592000000000062, 0.5387999999999968, 0.048491999999999126, 3592, 4490, 5388, 898504, 897504, 898, 1796, undefined, 1493684976377
Booster, Armed, 1308.9899999999918, 32.98938990000105, -106.97296010000534, 899, 1798, 2697, 0.3596000000000062, 0.5393999999999969, 0.048545999999999125, 3596, 4495, 5394, 899401, 897502, 899, 1798, undefined, 1493684976397
Sustainer, Armed, 1300.8989999999787, 32.98938990000105, -106.97296010000534, 899, 1798, 2697, 0.3596000000000062, 0.5393999999999969, 0.048545999999999125, 3596, 4495, 5394, 899502, 898502, 899, 1798, undefined, 1493684976397
Booster, Armed, 1308.9999999999918, 32.98939000000105, -106.97296000000534, 900, 1800, 2700, 0.3600000000000062, 0.5399999999999969, 0.04859999999999912, 3600, 4500, 5400, 900400, 898500, 900, 1800, undefined, 1493684976417
Sustainer, Armed, 1300.8999999999787, 32.98939000000105, -106.97296000000534, 900, 1800, 2700, 0.3600000000000062, 0.5399999999999969, 0.04859999999999912, 3600, 4500, 5400, 900500, 899500, 900, 1800, undefined, 1493684976417
Booster, Armed, 1309.0099999999918, 32.98939010000105, -106.97295990000535, 901, 1802, 2703, 0.3604000000000062, 0.540599999999997, 0.04865399999999912, 3604, 4505, 5406, 901399, 899498, 901, 1802, undefined, 1493684976437
Sustainer, Armed, 1300.9009999999787, 32.98939010000105, -106.97295990000535, 901, 1802, 2703, 0.3604000000000062, 0.540599999999997, 0.04865399999999912, 3604, 4505, 5406, 901498, 900498, 901, 1802, undefined, 1493684976437
Booster, Armed, 1309.0199999999918, 32.989390200001054, -106.97295980000536, 902, 1804, 2706, 0.3608000000000062, 0.541199999999997, 0.04870799999999912, 3608, 4510, 5412, 902398, 900496, 902, 1804, undefined, 1493684976457
Sustainer, Armed, 1300.9019999999787, 32.989390200001054, -106.97295980000536, 902, 1804, 2706, 0.3608000000000062, 0.541199999999997, 0.04870799999999912, 3608, 4510, 5412, 902496, 901496, 902, 1804, undefined, 1493684976457
Booster, Armed, 1309.0299999999918, 32.989390300001055, -106.97295970000536, 903, 1806, 2709, 0.36120000000000624, 0.5417999999999971, 0.04876199999999912, 3612, 4515, 5418, 903397, 901494, 903, 1806, undefined, 1493684976478
Sustainer, Armed, 1300.9029999999786, 32.989390300001055, -106.97295970000536, 903, 1806, 2709, 0.36120000000000624, 0.5417999999999971, 0.04876199999999912, 3612, 4515, 5418, 903494, 902494, 903, 1806, undefined, 1493684976478
Booster, Armed, 1309.0399999999918, 32.98939040000106, -106.97295960000537, 904, 1808, 2712, 0.36160000000000625, 0.5423999999999971, 0.04881599999999912, 3616, 4520, 5424, 904396, 902492, 904, 1808, undefined, 1493684976498
Sustainer, Armed, 1300.9039999999786, 32.98939040000106, -106.97295960000537, 904, 1808, 2712, 0.36160000000000625, 0.5423999999999971, 0.04881599999999912, 3616, 4520, 5424, 904492, 903492, 904, 1808, undefined, 1493684976498
Booster, Armed, 1309.0499999999918, 32.98939050000106, -106.97295950000537, 905, 1810, 2715, 0.36200000000000626, 0.5429999999999972, 0.048869999999999116, 3620, 4525, 5430, 905395, 903490, 905, 1810, undefined, 1493684976520
Sustainer, Armed, 1300.9049999999786, 32.98939050000106, -106.97295950000537, 905, 1810, 2715, 0.36200000000000626, 0.5429999999999972, 0.048869999999999116, 3620, 4525, 5430, 905490, 904490, 905, 1810, undefined, 1493684976520
Booster, Armed, 1309.0599999999918, 32.98939060000106, -106.97295940000538, 906, 1812, 2718, 0.3624000000000063, 0.5435999999999972, 0.048923999999999114, 3624, 4530, 5436, 906394, 904488, 906, 1812, undefined, 1493684976541
Sustainer, Armed, 1300.9059999999786, 32.98939060000106, -106.97295940000538, 906, 1812, 2718, 0.3624000000000063, 0.5435999999999972, 0.048923999999999114, 3624, 4530, 5436, 906488, 905488, 906, 1812, undefined, 1493684976541
Booster, Armed, 1309.0699999999918, 32.98939070000106, -106.97295930000539, 907, 1814, 2721, 0.3628000000000063, 0.5441999999999972, 0.04897799999999911, 3628, 4535, 5442, 907393, 905486, 907, 1814, undefined, 1493684976561
Sustainer, Armed, 1300.9069999999786, 32.98939070000106, -106.97295930000539, 907, 1814, 2721, 0.3628000000000063, 0.5441999999999972, 0.04897799999999911, 3628, 4535, 5442, 907486, 906486, 907, 1814, undefined, 1493684976561
Booster, Armed, 1309.0799999999917, 32.98939080000106, -106.97295920000539, 908, 1816, 2724, 0.3632000000000063, 0.5447999999999973, 0.04903199999999911, 3632, 4540, 5448, 908392, 906484, 908, 1816, undefined, 1493684976581
Sustainer, Armed, 1300.9079999999785, 32.98939080000106, -106.97295920000539, 908, 1816, 2724, 0.3632000000000063, 0.5447999999999973, 0.04903199999999911, 3632, 4540, 5448, 908484, 907484, 908, 1816, undefined, 1493684976581
Booster, Armed, 1309.0899999999917, 32.98939090000106, -106.9729591000054, 909, 1818, 2727, 0.3636000000000063, 0.5453999999999973, 0.04908599999999911, 3636, 4545, 5454, 909391, 907482, 909, 1818, undefined, 1493684976601
Sustainer, Armed, 1300.9089999999785, 32.98939090000106, -106.9729591000054, 909, 1818, 2727, 0.3636000000000063, 0.5453999999999973, 0.04908599999999911, 3636, 4545, 5454, 909482, 908482, 909, 1818, undefined, 1493684976601
Booster, Armed, 1309.0999999999917, 32.98939100000106, -106.9729590000054, 910, 1820, 2730, 0.3640000000000063, 0.5459999999999974, 0.04913999999999911, 3640, 4550, 5460, 910390, 908480, 910, 1820, undefined, 1493684976622
Sustainer, Armed, 1300.9099999999785, 32.98939100000106, -106.9729590000054, 910, 1820, 2730, 0.3640000000000063, 0.5459999999999974, 0.04913999999999911, 3640, 4550, 5460, 910480, 909480, 910, 1820, undefined, 1493684976622
Booster, Armed, 1309.1099999999917, 32.989391100001065, -106.97295890000541, 911, 1822, 2733, 0.36440000000000633, 0.5465999999999974, 0.049193999999999106, 3644, 4555, 5466, 911389, 909478, 911, 1822, undefined, 1493684976643
Sustainer, Armed, 1300.9109999999785, 32.989391100001065, -106.97295890000541, 911, 1822, 2733, 0.36440000000000633, 0.5465999999999974, 0.049193999999999106, 3644, 4555, 5466, 911478, 910478, 911, 1822, undefined, 1493684976643
Booster, Armed, 1309.1199999999917, 32.989391200001066, -106.97295880000542, 912, 1824, 2736, 0.36480000000000634, 0.5471999999999975, 0.049247999999999105, 3648, 4560, 5472, 912388, 910476, 912, 1824, undefined, 1493684976664
Sustainer, Armed, 1300.9119999999784, 32.989391200001066, -106.97295880000542, 912, 1824, 2736, 0.36480000000000634, 0.5471999999999975, 0.049247999999999105, 3648, 4560, 5472, 912476, 911476, 912, 1824, undefined, 1493684976664
Booster, Armed, 1309.1299999999917, 32.98939130000107, -106.97295870000542, 913, 1826, 2739, 0.36520000000000635, 0.5477999999999975, 0.049301999999999103, 3652, 4565, 5478, 913387, 911474, 913, 1826, undefined, 1493684976684
Sustainer, Armed, 1300.9129999999784, 32.98939130000107, -106.97295870000542, 913, 1826, 2739, 0.36520000000000635, 0.5477999999999975, 0.049301999999999103, 3652, 4565, 5478, 913474, 912474, 913, 1826, undefined, 1493684976684
Booster, Armed, 1309.1399999999917, 32.98939140000107, -106.97295860000543, 914, 1828, 2742, 0.36560000000000636, 0.5483999999999976, 0.0493559999999991, 3656, 4570, 5484, 914386, 912472, 914, 1828, undefined, 1493684976704
Sustainer, Armed, 1300.9139999999784, 32.98939140000107, -106.97295860000543, 914, 1828, 2742, 0.36560000000000636, 0.5483999999999976, 0.0493559999999991, 3656, 4570, 5484, 914472, 913472, 914, 1828, undefined, 1493684976704
Booster, Armed, 1309.1499999999917, 32.98939150000107, -106.97295850000543, 915, 1830, 2745, 0.3660000000000064, 0.5489999999999976, 0.0494099999999991, 3660, 4575, 5490, 915385, 913470, 915, 1830, undefined, 1493684976725
Sustainer, Armed, 1300.9149999999784, 32.98939150000107, -106.97295850000543, 915, 1830, 2745, 0.3660000000000064, 0.5489999999999976, 0.0494099999999991, 3660, 4575, 5490, 915470, 914470, 915, 1830, undefined, 1493684976725
Booster, Armed, 1309.1599999999917, 32.98939160000107, -106.97295840000544, 916, 1832, 2748, 0.3664000000000064, 0.5495999999999976, 0.0494639999999991, 3664, 4580, 5496, 916384, 914468, 916, 1832, undefined, 1493684976746
Sustainer, Armed, 1300.9159999999783, 32.98939160000107, -106.97295840000544, 916, 1832, 2748, 0.3664000000000064, 0.5495999999999976, 0.0494639999999991, 3664, 4580, 5496, 916468, 915468, 916, 1832, undefined, 1493684976746
Booster, Armed, 1309.1699999999917, 32.98939170000107, -106.97295830000544, 917, 1834, 2751, 0.3668000000000064, 0.5501999999999977, 0.0495179999999991, 3668, 4585, 5502, 917383, 915466, 917, 1834, undefined, 1493684976767
Sustainer, Armed, 1300.9169999999783, 32.98939170000107, -106.97295830000544, 917, 1834, 2751, 0.3668000000000064, 0.5501999999999977, 0.0495179999999991, 3668, 4585, 5502, 917466, 916466, 917, 1834, undefined, 1493684976767
Booster, Armed, 1309.1799999999917, 32.98939180000107, -106.97295820000545, 918, 1836, 2754, 0.3672000000000064, 0.5507999999999977, 0.049571999999999096, 3672, 4590, 5508, 918382, 916464, 918, 1836, undefined, 1493684976788
Sustainer, Armed, 1300.9179999999783, 32.98939180000107, -106.97295820000545, 918, 1836, 2754, 0.3672000000000064, 0.5507999999999977, 0.049571999999999096, 3672, 4590, 5508, 918464, 917464, 918, 1836, undefined, 1493684976788
Booster, Armed, 1309.1899999999916, 32.989391900001074, -106.97295810000546, 919, 1838, 2757, 0.3676000000000064, 0.5513999999999978, 0.049625999999999094, 3676, 4595, 5514, 919381, 917462, 919, 1838, undefined, 1493684976808
Sustainer, Armed, 1300.9189999999783, 32.989391900001074, -106.97295810000546, 919, 1838, 2757, 0.3676000000000064, 0.5513999999999978, 0.049625999999999094, 3676, 4595, 5514, 919462, 918462, 919, 1838, undefined, 1493684976808
Booster, Armed, 1309.1999999999916, 32.989392000001075, -106.97295800000546, 920, 1840, 2760, 0.36800000000000643, 0.5519999999999978, 0.04967999999999909, 3680, 4600, 5520, 920380, 918460, 920, 1840, undefined, 1493684976828
Sustainer, Armed, 1300.9199999999782, 32.989392000001075, -106.97295800000546, 920, 1840, 2760, 0.36800000000000643, 0.5519999999999978, 0.04967999999999909, 3680, 4600, 5520, 920460, 919460, 920, 1840, undefined, 1493684976828
Booster, Armed, 1309.2099999999916, 32.989392100001076, -106.97295790000547, 921, 1842, 2763, 0.36840000000000644, 0.5525999999999979, 0.04973399999999909, 3684, 4605, 5526, 921379, 919458, 921, 1842, undefined, 1493684976848
Sustainer, Armed, 1300.9209999999782, 32.989392100001076, -106.97295790000547, 921, 1842, 2763, 0.36840000000000644, 0.5525999999999979, 0.04973399999999909, 3684, 4605, 5526, 921458, 920458, 921, 1842, undefined, 1493684976848
Booster, Armed, 1309.2199999999916, 32.98939220000108, -106.97295780000547, 922, 1844, 2766, 0.36880000000000646, 0.5531999999999979, 0.04978799999999909, 3688, 4610, 5532, 922378, 920456, 922, 1844, undefined, 1493684976870
Sustainer, Armed, 1300.9219999999782, 32.98939220000108, -106.97295780000547, 922, 1844, 2766, 0.36880000000000646, 0.5531999999999979, 0.04978799999999909, 3688, 4610, 5532, 922456, 921456, 922, 1844, undefined, 1493684976870
Booster, Armed, 1309.2299999999916, 32.98939230000108, -106.97295770000548, 923, 1846, 2769, 0.36920000000000647, 0.553799999999998, 0.04984199999999909, 3692, 4615, 5538, 923377, 921454, 923, 1846, undefined, 1493684976891
Sustainer, Armed, 1300.9229999999782, 32.98939230000108, -106.97295770000548, 923, 1846, 2769, 0.36920000000000647, 0.553799999999998, 0.04984199999999909, 3692, 4615, 5538, 923454, 922454, 923, 1846, undefined, 1493684976891
Booster, Armed, 1309.2399999999916, 32.98939240000108, -106.97295760000549, 924, 1848, 2772, 0.3696000000000065, 0.554399999999998, 0.04989599999999909, 3696, 4620, 5544, 924376, 922452, 924, 1848, undefined, 1493684976911
Sustainer, Armed, 1300.9239999999782, 32.98939240000108, -106.97295760000549, 924, 1848, 2772, 0.3696000000000065, 0.554399999999998, 0.04989599999999909, 3696, 4620, 5544, 924452, 923452, 924, 1848, undefined, 1493684976911
Booster, Armed, 1309.2499999999916, 32.98939250000108, -106.97295750000549, 925, 1850, 2775, 0.3700000000000065, 0.554999999999998, 0.049949999999999085, 3700, 4625, 5550, 925375, 923450, 925, 1850, undefined, 1493684976931
Sustainer, Armed, 1300.9249999999781, 32.98939250000108, -106.97295750000549, 925, 1850, 2775, 0.3700000000000065, 0.554999999999998, 0.049949999999999085, 3700, 4625, 5550, 925450, 924450, 925, 1850, undefined, 1493684976931
Booster, Armed, 1309.2599999999916, 32.98939260000108, -106.9729574000055, 926, 1852, 2778, 0.3704000000000065, 0.5555999999999981, 0.050003999999999084, 3704, 4630, 5556, 926374, 924448, 926, 1852, undefined, 1493684976951
Sustainer, Armed, 1300.925999999978, 32.98939260000108, -106.9729574000055, 926, 1852, 2778, 0.3704000000000065, 0.5555999999999981, 0.050003999999999084, 3704, 4630, 5556, 926448, 925448, 926, 1852, undefined, 1493684976951
Booster, Armed, 1309.2699999999916, 32.98939270000108, -106.9729573000055, 927, 1854, 2781, 0.3708000000000065, 0.5561999999999981, 0.05005799999999908, 3708, 4635, 5562, 927373, 925446, 927, 1854, undefined, 1493684976972
Sustainer, Armed, 1300.926999999978, 32.98939270000108, -106.9729573000055, 927, 1854, 2781, 0.3708000000000065, 0.5561999999999981, 0.05005799999999908, 3708, 4635, 5562, 927446, 926446, 927, 1854, undefined, 1493684976972
Booster, Armed, 1309.2799999999916, 32.989392800001085, -106.97295720000551, 928, 1856, 2784, 0.3712000000000065, 0.5567999999999982, 0.05011199999999908, 3712, 4640, 5568, 928372, 926444, 928, 1856, undefined, 1493684976993
Sustainer, Armed, 1300.927999999978, 32.989392800001085, -106.97295720000551, 928, 1856, 2784, 0.3712000000000065, 0.5567999999999982, 0.05011199999999908, 3712, 4640, 5568, 928444, 927444, 928, 1856, undefined, 1493684976993
Booster, Armed, 1309.2899999999916, 32.989392900001086, -106.97295710000552, 929, 1858, 2787, 0.37160000000000654, 0.5573999999999982, 0.05016599999999908, 3716, 4645, 5574, 929371, 927442, 929, 1858, undefined, 1493684977013
Sustainer, Armed, 1300.928999999978, 32.989392900001086, -106.97295710000552, 929, 1858, 2787, 0.37160000000000654, 0.5573999999999982, 0.05016599999999908, 3716, 4645, 5574, 929442, 928442, 929, 1858, undefined, 1493684977013
Booster, Armed, 1309.2999999999915, 32.98939300000109, -106.97295700000552, 930, 1860, 2790, 0.37200000000000655, 0.5579999999999983, 0.05021999999999908, 3720, 4650, 5580, 930370, 928440, 930, 1860, undefined, 1493684977034
Sustainer, Armed, 1300.929999999978, 32.98939300000109, -106.97295700000552, 930, 1860, 2790, 0.37200000000000655, 0.5579999999999983, 0.05021999999999908, 3720, 4650, 5580, 930440, 929440, 930, 1860, undefined, 1493684977034
Booster, Armed, 1309.3099999999915, 32.98939310000109, -106.97295690000553, 931, 1862, 2793, 0.37240000000000656, 0.5585999999999983, 0.050273999999999076, 3724, 4655, 5586, 931369, 929438, 931, 1862, undefined, 1493684977055
Sustainer, Armed, 1300.930999999978, 32.98939310000109, -106.97295690000553, 931, 1862, 2793, 0.37240000000000656, 0.5585999999999983, 0.050273999999999076, 3724, 4655, 5586, 931438, 930438, 931, 1862, undefined, 1493684977055
Booster, Armed, 1309.3199999999915, 32.98939320000109, -106.97295680000553, 932, 1864, 2796, 0.37280000000000657, 0.5591999999999984, 0.050327999999999075, 3728, 4660, 5592, 932368, 930436, 932, 1864, undefined, 1493684977076
Sustainer, Armed, 1300.931999999978, 32.98939320000109, -106.97295680000553, 932, 1864, 2796, 0.37280000000000657, 0.5591999999999984, 0.050327999999999075, 3728, 4660, 5592, 932436, 931436, 932, 1864, undefined, 1493684977076
Booster, Armed, 1309.3299999999915, 32.98939330000109, -106.97295670000554, 933, 1866, 2799, 0.3732000000000066, 0.5597999999999984, 0.05038199999999907, 3732, 4665, 5598, 933367, 931434, 933, 1866, undefined, 1493684977097
Sustainer, Armed, 1300.932999999978, 32.98939330000109, -106.97295670000554, 933, 1866, 2799, 0.3732000000000066, 0.5597999999999984, 0.05038199999999907, 3732, 4665, 5598, 933434, 932434, 933, 1866, undefined, 1493684977097
Booster, Armed, 1309.3399999999915, 32.98939340000109, -106.97295660000555, 934, 1868, 2802, 0.3736000000000066, 0.5603999999999985, 0.05043599999999907, 3736, 4670, 5604, 934366, 932432, 934, 1868, undefined, 1493684977118
Sustainer, Armed, 1300.933999999978, 32.98939340000109, -106.97295660000555, 934, 1868, 2802, 0.3736000000000066, 0.5603999999999985, 0.05043599999999907, 3736, 4670, 5604, 934432, 933432, 934, 1868, undefined, 1493684977118
Booster, Armed, 1309.3499999999915, 32.98939350000109, -106.97295650000555, 935, 1870, 2805, 0.3740000000000066, 0.5609999999999985, 0.05048999999999907, 3740, 4675, 5610, 935365, 933430, 935, 1870, undefined, 1493684977139
Sustainer, Armed, 1300.934999999978, 32.98939350000109, -106.97295650000555, 935, 1870, 2805, 0.3740000000000066, 0.5609999999999985, 0.05048999999999907, 3740, 4675, 5610, 935430, 934430, 935, 1870, undefined, 1493684977139
Booster, Armed, 1309.3599999999915, 32.989393600001094, -106.97295640000556, 936, 1872, 2808, 0.3744000000000066, 0.5615999999999985, 0.05054399999999907, 3744, 4680, 5616, 936364, 934428, 936, 1872, undefined, 1493684977160
Sustainer, Armed, 1300.9359999999779, 32.989393600001094, -106.97295640000556, 936, 1872, 2808, 0.3744000000000066, 0.5615999999999985, 0.05054399999999907, 3744, 4680, 5616, 936428, 935428, 936, 1872, undefined, 1493684977160
Booster, Armed, 1309.3699999999915, 32.989393700001095, -106.97295630000556, 937, 1874, 2811, 0.37480000000000663, 0.5621999999999986, 0.05059799999999907, 3748, 4685, 5622, 937363, 935426, 937, 1874, undefined, 1493684977182
Sustainer, Armed, 1300.9369999999778, 32.989393700001095, -106.97295630000556, 937, 1874, 2811, 0.37480000000000663, 0.5621999999999986, 0.05059799999999907, 3748, 4685, 5622, 937426, 936426, 937, 1874, undefined, 1493684977182
Booster, Armed, 1309.3799999999915, 32.989393800001096, -106.97295620000557, 938, 1876, 2814, 0.37520000000000664, 0.5627999999999986, 0.050651999999999066, 3752, 4690, 5628, 938362, 936424, 938, 1876, undefined, 1493684977203
Sustainer, Armed, 1300.9379999999778, 32.989393800001096, -106.97295620000557, 938, 1876, 2814, 0.37520000000000664, 0.5627999999999986, 0.050651999999999066, 3752, 4690, 5628, 938424, 937424, 938, 1876, undefined, 1493684977203
Booster, Armed, 1309.3899999999915, 32.9893939000011, -106.97295610000558, 939, 1878, 2817, 0.37560000000000665, 0.5633999999999987, 0.050705999999999064, 3756, 4695, 5634, 939361, 937422, 939, 1878, undefined, 1493684977224
Sustainer, Armed, 1300.9389999999778, 32.9893939000011, -106.97295610000558, 939, 1878, 2817, 0.37560000000000665, 0.5633999999999987, 0.050705999999999064, 3756, 4695, 5634, 939422, 938422, 939, 1878, undefined, 1493684977224
Booster, Armed, 1309.3999999999915, 32.9893940000011, -106.97295600000558, 940, 1880, 2820, 0.37600000000000666, 0.5639999999999987, 0.05075999999999906, 3760, 4700, 5640, 940360, 938420, 940, 1880, undefined, 1493684977245
Sustainer, Armed, 1300.9399999999778, 32.9893940000011, -106.97295600000558, 940, 1880, 2820, 0.37600000000000666, 0.5639999999999987, 0.05075999999999906, 3760, 4700, 5640, 940420, 939420, 940, 1880, undefined, 1493684977245
Booster, Armed, 1309.4099999999914, 32.9893941000011, -106.97295590000559, 941, 1882, 2823, 0.3764000000000067, 0.5645999999999988, 0.05081399999999906, 3764, 4705, 5646, 941359, 939418, 941, 1882, undefined, 1493684977266
Sustainer, Armed, 1300.9409999999777, 32.9893941000011, -106.97295590000559, 941, 1882, 2823, 0.3764000000000067, 0.5645999999999988, 0.05081399999999906, 3764, 4705, 5646, 941418, 940418, 941, 1882, undefined, 1493684977266
Booster, Armed, 1309.4199999999914, 32.9893942000011, -106.9729558000056, 942, 1884, 2826, 0.3768000000000067, 0.5651999999999988, 0.05086799999999906, 3768, 4710, 5652, 942358, 940416, 942, 1884, undefined, 1493684977287
Sustainer, Armed, 1300.9419999999777, 32.9893942000011, -106.9729558000056, 942, 1884, 2826, 0.3768000000000067, 0.5651999999999988, 0.05086799999999906, 3768, 4710, 5652, 942416, 941416, 942, 1884, undefined, 1493684977287
Booster, Armed, 1309.4299999999914, 32.9893943000011, -106.9729557000056, 943, 1886, 2829, 0.3772000000000067, 0.5657999999999989, 0.05092199999999906, 3772, 4715, 5658, 943357, 941414, 943, 1886, undefined, 1493684977308
Sustainer, Armed, 1300.9429999999777, 32.9893943000011, -106.9729557000056, 943, 1886, 2829, 0.3772000000000067, 0.5657999999999989, 0.05092199999999906, 3772, 4715, 5658, 943414, 942414, 943, 1886, undefined, 1493684977308
Booster, Armed, 1309.4399999999914, 32.9893944000011, -106.9729556000056, 944, 1888, 2832, 0.3776000000000067, 0.5663999999999989, 0.05097599999999906, 3776, 4720, 5664, 944356, 942412, 944, 1888, undefined, 1493684977329
Sustainer, Armed, 1300.9439999999777, 32.9893944000011, -106.9729556000056, 944, 1888, 2832, 0.3776000000000067, 0.5663999999999989, 0.05097599999999906, 3776, 4720, 5664, 944412, 943412, 944, 1888, undefined, 1493684977329
Booster, Armed, 1309.4499999999914, 32.989394500001104, -106.97295550000561, 945, 1890, 2835, 0.3780000000000067, 0.566999999999999, 0.051029999999999055, 3780, 4725, 5670, 945355, 943410, 945, 1890, undefined, 1493684977350
Sustainer, Armed, 1300.9449999999777, 32.989394500001104, -106.97295550000561, 945, 1890, 2835, 0.3780000000000067, 0.566999999999999, 0.051029999999999055, 3780, 4725, 5670, 945410, 944410, 945, 1890, undefined, 1493684977350
Booster, Armed, 1309.4599999999914, 32.989394600001106, -106.97295540000562, 946, 1892, 2838, 0.37840000000000673, 0.567599999999999, 0.051083999999999054, 3784, 4730, 5676, 946354, 944408, 946, 1892, undefined, 1493684977370
Sustainer, Armed, 1300.9459999999776, 32.989394600001106, -106.97295540000562, 946, 1892, 2838, 0.37840000000000673, 0.567599999999999, 0.051083999999999054, 3784, 4730, 5676, 946408, 945408, 946, 1892, undefined, 1493684977370
Booster, Armed, 1309.4699999999914, 32.98939470000111, -106.97295530000562, 947, 1894, 2841, 0.37880000000000674, 0.568199999999999, 0.05113799999999905, 3788, 4735, 5682, 947353, 945406, 947, 1894, undefined, 1493684977391
Sustainer, Armed, 1300.9469999999776, 32.98939470000111, -106.97295530000562, 947, 1894, 2841, 0.37880000000000674, 0.568199999999999, 0.05113799999999905, 3788, 4735, 5682, 947406, 946406, 947, 1894, undefined, 1493684977391
Booster, Armed, 1309.4799999999914, 32.98939480000111, -106.97295520000563, 948, 1896, 2844, 0.37920000000000675, 0.5687999999999991, 0.05119199999999905, 3792, 4740, 5688, 948352, 946404, 948, 1896, undefined, 1493684977411
Sustainer, Armed, 1300.9479999999776, 32.98939480000111, -106.97295520000563, 948, 1896, 2844, 0.37920000000000675, 0.5687999999999991, 0.05119199999999905, 3792, 4740, 5688, 948404, 947404, 948, 1896, undefined, 1493684977411
Booster, Armed, 1309.4899999999914, 32.98939490000111, -106.97295510000563, 949, 1898, 2847, 0.37960000000000677, 0.5693999999999991, 0.05124599999999905, 3796, 4745, 5694, 949351, 947402, 949, 1898, undefined, 1493684977431
Sustainer, Armed, 1300.9489999999776, 32.98939490000111, -106.97295510000563, 949, 1898, 2847, 0.37960000000000677, 0.5693999999999991, 0.05124599999999905, 3796, 4745, 5694, 949402, 948402, 949, 1898, undefined, 1493684977431
Booster, Armed, 1309.4999999999914, 32.98939500000111, -106.97295500000564, 950, 1900, 2850, 0.3800000000000068, 0.5699999999999992, 0.05129999999999905, 3800, 4750, 5700, 950350, 948400, 950, 1900, undefined, 1493684977451
Sustainer, Armed, 1300.9499999999775, 32.98939500000111, -106.97295500000564, 950, 1900, 2850, 0.3800000000000068, 0.5699999999999992, 0.05129999999999905, 3800, 4750, 5700, 950400, 949400, 950, 1900, undefined, 1493684977451
Booster, Armed, 1309.5099999999914, 32.98939510000111, -106.97295490000565, 951, 1902, 2853, 0.3804000000000068, 0.5705999999999992, 0.051353999999999046, 3804, 4755, 5706, 951349, 949398, 951, 1902, undefined, 1493684977471
Sustainer, Armed, 1300.9509999999775, 32.98939510000111, -106.97295490000565, 951, 1902, 2853, 0.3804000000000068, 0.5705999999999992, 0.051353999999999046, 3804, 4755, 5706, 951398, 950398, 951, 1902, undefined, 1493684977471
Booster, Armed, 1309.5199999999913, 32.98939520000111, -106.97295480000565, 952, 1904, 2856, 0.3808000000000068, 0.5711999999999993, 0.051407999999999045, 3808, 4760, 5712, 952348, 950396, 952, 1904, undefined, 1493684977491
Sustainer, Armed, 1300.9519999999775, 32.98939520000111, -106.97295480000565, 952, 1904, 2856, 0.3808000000000068, 0.5711999999999993, 0.051407999999999045, 3808, 4760, 5712, 952396, 951396, 952, 1904, undefined, 1493684977491
Booster, Armed, 1309.5299999999913, 32.989395300001114, -106.97295470000566, 953, 1906, 2859, 0.3812000000000068, 0.5717999999999993, 0.05146199999999904, 3812, 4765, 5718, 953347, 951394, 953, 1906, undefined, 1493684977511
Sustainer, Armed, 1300.9529999999775, 32.989395300001114, -106.97295470000566, 953, 1906, 2859, 0.3812000000000068, 0.5717999999999993, 0.05146199999999904, 3812, 4765, 5718, 953394, 952394, 953, 1906, undefined, 1493684977511
Booster, Armed, 1309.5399999999913, 32.989395400001115, -106.97295460000566, 954, 1908, 2862, 0.3816000000000068, 0.5723999999999994, 0.05151599999999904, 3816, 4770, 5724, 954346, 952392, 954, 1908, undefined, 1493684977531
Sustainer, Armed, 1300.9539999999774, 32.989395400001115, -106.97295460000566, 954, 1908, 2862, 0.3816000000000068, 0.5723999999999994, 0.05151599999999904, 3816, 4770, 5724, 954392, 953392, 954, 1908, undefined, 1493684977531
Booster, Armed, 1309.5499999999913, 32.989395500001116, -106.97295450000567, 955, 1910, 2865, 0.38200000000000683, 0.5729999999999994, 0.05156999999999904, 3820, 4775, 5730, 955345, 953390, 955, 1910, undefined, 1493684977551
Sustainer, Armed, 1300.9549999999774, 32.989395500001116, -106.97295450000567, 955, 1910, 2865, 0.38200000000000683, 0.5729999999999994, 0.05156999999999904, 3820, 4775, 5730, 955390, 954390, 955, 1910, undefined, 1493684977551
Booster, Armed, 1309.5599999999913, 32.98939560000112, -106.97295440000568, 956, 1912, 2868, 0.38240000000000685, 0.5735999999999994, 0.05162399999999904, 3824, 4780, 5736, 956344, 954388, 956, 1912, undefined, 1493684977571
Sustainer, Armed, 1300.9559999999774, 32.98939560000112, -106.97295440000568, 956, 1912, 2868, 0.38240000000000685, 0.5735999999999994, 0.05162399999999904, 3824, 4780, 5736, 956388, 955388, 956, 1912, undefined, 1493684977571
Booster, Armed, 1309.5699999999913, 32.98939570000112, -106.97295430000568, 957, 1914, 2871, 0.38280000000000686, 0.5741999999999995, 0.05167799999999904, 3828, 4785, 5742, 957343, 955386, 957, 1914, undefined, 1493684977591
Sustainer, Armed, 1300.9569999999774, 32.98939570000112, -106.97295430000568, 957, 1914, 2871, 0.38280000000000686, 0.5741999999999995, 0.05167799999999904, 3828, 4785, 5742, 957386, 956386, 957, 1914, undefined, 1493684977591
Booster, Armed, 1309.5799999999913, 32.98939580000112, -106.97295420000569, 958, 1916, 2874, 0.38320000000000687, 0.5747999999999995, 0.051731999999999036, 3832, 4790, 5748, 958342, 956384, 958, 1916, undefined, 1493684977611
Sustainer, Armed, 1300.9579999999773, 32.98939580000112, -106.97295420000569, 958, 1916, 2874, 0.38320000000000687, 0.5747999999999995, 0.051731999999999036, 3832, 4790, 5748, 958384, 957384, 958, 1916, undefined, 1493684977611
Booster, Armed, 1309.5899999999913, 32.98939590000112, -106.9729541000057, 959, 1918, 2877, 0.3836000000000069, 0.5753999999999996, 0.051785999999999034, 3836, 4795, 5754, 959341, 957382, 959, 1918, undefined, 1493684977631
Sustainer, Armed, 1300.9589999999773, 32.98939590000112, -106.9729541000057, 959, 1918, 2877, 0.3836000000000069, 0.5753999999999996, 0.051785999999999034, 3836, 4795, 5754, 959382, 958382, 959, 1918, undefined, 1493684977631
Booster, Armed, 1309.5999999999913, 32.98939600000112, -106.9729540000057, 960, 1920, 2880, 0.3840000000000069, 0.5759999999999996, 0.05183999999999903, 3840, 4800, 5760, 960340, 958380, 960, 1920, undefined, 1493684977651
Sustainer, Armed, 1300.9599999999773, 32.98939600000112, -106.9729540000057, 960, 1920, 2880, 0.3840000000000069, 0.5759999999999996, 0.05183999999999903, 3840, 4800, 5760, 960380, 959380, 960, 1920, undefined, 1493684977651
Booster, Armed, 1309.6099999999913, 32.98939610000112, -106.9729539000057, 961, 1922, 2883, 0.3844000000000069, 0.5765999999999997, 0.05189399999999903, 3844, 4805, 5766, 961339, 959378, 961, 1922, undefined, 1493684977671
Sustainer, Armed, 1300.9609999999773, 32.98939610000112, -106.9729539000057, 961, 1922, 2883, 0.3844000000000069, 0.5765999999999997, 0.05189399999999903, 3844, 4805, 5766, 961378, 960378, 961, 1922, undefined, 1493684977671
Booster, Armed, 1309.6199999999913, 32.989396200001124, -106.97295380000571, 962, 1924, 2886, 0.3848000000000069, 0.5771999999999997, 0.05194799999999903, 3848, 4810, 5772, 962338, 960376, 962, 1924, undefined, 1493684977691
Sustainer, Armed, 1300.9619999999773, 32.989396200001124, -106.97295380000571, 962, 1924, 2886, 0.3848000000000069, 0.5771999999999997, 0.05194799999999903, 3848, 4810, 5772, 962376, 961376, 962, 1924, undefined, 1493684977691
Booster, Armed, 1309.6299999999912, 32.989396300001125, -106.97295370000572, 963, 1926, 2889, 0.3852000000000069, 0.5777999999999998, 0.05200199999999903, 3852, 4815, 5778, 963337, 961374, 963, 1926, undefined, 1493684977711
Sustainer, Armed, 1300.9629999999772, 32.989396300001125, -106.97295370000572, 963, 1926, 2889, 0.3852000000000069, 0.5777999999999998, 0.05200199999999903, 3852, 4815, 5778, 963374, 962374, 963, 1926, undefined, 1493684977711
Booster, Armed, 1309.6399999999912, 32.98939640000113, -106.97295360000572, 964, 1928, 2892, 0.38560000000000694, 0.5783999999999998, 0.05205599999999903, 3856, 4820, 5784, 964336, 962372, 964, 1928, undefined, 1493684977731
Sustainer, Armed, 1300.9639999999772, 32.98939640000113, -106.97295360000572, 964, 1928, 2892, 0.38560000000000694, 0.5783999999999998, 0.05205599999999903, 3856, 4820, 5784, 964372, 963372, 964, 1928, undefined, 1493684977731
Booster, Armed, 1309.6499999999912, 32.98939650000113, -106.97295350000573, 965, 1930, 2895, 0.38600000000000695, 0.5789999999999998, 0.052109999999999025, 3860, 4825, 5790, 965335, 963370, 965, 1930, undefined, 1493684977751
Sustainer, Armed, 1300.9649999999772, 32.98939650000113, -106.97295350000573, 965, 1930, 2895, 0.38600000000000695, 0.5789999999999998, 0.052109999999999025, 3860, 4825, 5790, 965370, 964370, 965, 1930, undefined, 1493684977751
Booster, Armed, 1309.6599999999912, 32.98939660000113, -106.97295340000574, 966, 1932, 2898, 0.38640000000000696, 0.5795999999999999, 0.052163999999999024, 3864, 4830, 5796, 966334, 964368, 966, 1932, undefined, 1493684977772
Sustainer, Armed, 1300.9659999999772, 32.98939660000113, -106.97295340000574, 966, 1932, 2898, 0.38640000000000696, 0.5795999999999999, 0.052163999999999024, 3864, 4830, 5796, 966368, 965368, 966, 1932, undefined, 1493684977772
Booster, Armed, 1309.6699999999912, 32.98939670000113, -106.97295330000574, 967, 1934, 2901, 0.38680000000000697, 0.5801999999999999, 0.05221799999999902, 3868, 4835, 5802, 967333, 965366, 967, 1934, undefined, 1493684977792
Sustainer, Armed, 1300.9669999999771, 32.98939670000113, -106.97295330000574, 967, 1934, 2901, 0.38680000000000697, 0.5801999999999999, 0.05221799999999902, 3868, 4835, 5802, 967366, 966366, 967, 1934, undefined, 1493684977792
Booster, Armed, 1309.6799999999912, 32.98939680000113, -106.97295320000575, 968, 1936, 2904, 0.387200000000007, 0.5808, 0.05227199999999902, 3872, 4840, 5808, 968332, 966364, 968, 1936, undefined, 1493684977812
Sustainer, Armed, 1300.967999999977, 32.98939680000113, -106.97295320000575, 968, 1936, 2904, 0.387200000000007, 0.5808, 0.05227199999999902, 3872, 4840, 5808, 968364, 967364, 968, 1936, undefined, 1493684977812
Booster, Armed, 1309.6899999999912, 32.98939690000113, -106.97295310000575, 969, 1938, 2907, 0.387600000000007, 0.5814, 0.05232599999999902, 3876, 4845, 5814, 969331, 967362, 969, 1938, undefined, 1493684977832
Sustainer, Armed, 1300.968999999977, 32.98939690000113, -106.97295310000575, 969, 1938, 2907, 0.387600000000007, 0.5814, 0.05232599999999902, 3876, 4845, 5814, 969362, 968362, 969, 1938, undefined, 1493684977832
Booster, Armed, 1309.6999999999912, 32.989397000001134, -106.97295300000576, 970, 1940, 2910, 0.388000000000007, 0.5820000000000001, 0.05237999999999902, 3880, 4850, 5820, 970330, 968360, 970, 1940, undefined, 1493684977852
Sustainer, Armed, 1300.969999999977, 32.989397000001134, -106.97295300000576, 970, 1940, 2910, 0.388000000000007, 0.5820000000000001, 0.05237999999999902, 3880, 4850, 5820, 970360, 969360, 970, 1940, undefined, 1493684977852
Booster, Armed, 1309.7099999999912, 32.989397100001135, -106.97295290000577, 971, 1942, 2913, 0.388400000000007, 0.5826000000000001, 0.052433999999999016, 3884, 4855, 5826, 971329, 969358, 971, 1942, undefined, 1493684977874
Sustainer, Armed, 1300.970999999977, 32.989397100001135, -106.97295290000577, 971, 1942, 2913, 0.388400000000007, 0.5826000000000001, 0.052433999999999016, 3884, 4855, 5826, 971358, 970358, 971, 1942, undefined, 1493684977874
Booster, Armed, 1309.7199999999912, 32.989397200001136, -106.97295280000577, 972, 1944, 2916, 0.38880000000000703, 0.5832000000000002, 0.052487999999999015, 3888, 4860, 5832, 972328, 970356, 972, 1944, undefined, 1493684977894
Sustainer, Armed, 1300.971999999977, 32.989397200001136, -106.97295280000577, 972, 1944, 2916, 0.38880000000000703, 0.5832000000000002, 0.052487999999999015, 3888, 4860, 5832, 972356, 971356, 972, 1944, undefined, 1493684977894
Booster, Armed, 1309.7299999999912, 32.98939730000114, -106.97295270000578, 973, 1946, 2919, 0.38920000000000704, 0.5838000000000002, 0.05254199999999901, 3892, 4865, 5838, 973327, 971354, 973, 1946, undefined, 1493684977914
Sustainer, Armed, 1300.972999999977, 32.98939730000114, -106.97295270000578, 973, 1946, 2919, 0.38920000000000704, 0.5838000000000002, 0.05254199999999901, 3892, 4865, 5838, 973354, 972354, 973, 1946, undefined, 1493684977914
Booster, Armed, 1309.7399999999911, 32.98939740000114, -106.97295260000578, 974, 1948, 2922, 0.38960000000000705, 0.5844000000000003, 0.05259599999999901, 3896, 4870, 5844, 974326, 972352, 974, 1948, undefined, 1493684977934
Sustainer, Armed, 1300.973999999977, 32.98939740000114, -106.97295260000578, 974, 1948, 2922, 0.38960000000000705, 0.5844000000000003, 0.05259599999999901, 3896, 4870, 5844, 974352, 973352, 974, 1948, undefined, 1493684977935
Booster, Armed, 1309.7499999999911, 32.98939750000114, -106.97295250000579, 975, 1950, 2925, 0.39000000000000706, 0.5850000000000003, 0.05264999999999901, 3900, 4875, 5850, 975325, 973350, 975, 1950, undefined, 1493684977956
Sustainer, Armed, 1300.974999999977, 32.98939750000114, -106.97295250000579, 975, 1950, 2925, 0.39000000000000706, 0.5850000000000003, 0.05264999999999901, 3900, 4875, 5850, 975350, 974350, 975, 1950, undefined, 1493684977956
Booster, Armed, 1309.7599999999911, 32.98939760000114, -106.9729524000058, 976, 1952, 2928, 0.3904000000000071, 0.5856000000000003, 0.05270399999999901, 3904, 4880, 5856, 976324, 974348, 976, 1952, undefined, 1493684977976
Sustainer, Armed, 1300.975999999977, 32.98939760000114, -106.9729524000058, 976, 1952, 2928, 0.3904000000000071, 0.5856000000000003, 0.05270399999999901, 3904, 4880, 5856, 976348, 975348, 976, 1952, undefined, 1493684977976
Booster, Armed, 1309.7699999999911, 32.98939770000114, -106.9729523000058, 977, 1954, 2931, 0.3908000000000071, 0.5862000000000004, 0.05275799999999901, 3908, 4885, 5862, 977323, 975346, 977, 1954, undefined, 1493684977996
Sustainer, Armed, 1300.976999999977, 32.98939770000114, -106.9729523000058, 977, 1954, 2931, 0.3908000000000071, 0.5862000000000004, 0.05275799999999901, 3908, 4885, 5862, 977346, 976346, 977, 1954, undefined, 1493684977996
Booster, Armed, 1309.779999999991, 32.98939780000114, -106.9729522000058, 978, 1956, 2934, 0.3912000000000071, 0.5868000000000004, 0.052811999999999006, 3912, 4890, 5868, 978322, 976344, 978, 1956, undefined, 1493684978016
Sustainer, Armed, 1300.9779999999769, 32.98939780000114, -106.9729522000058, 978, 1956, 2934, 0.3912000000000071, 0.5868000000000004, 0.052811999999999006, 3912, 4890, 5868, 978344, 977344, 978, 1956, undefined, 1493684978016
Booster, Armed, 1309.789999999991, 32.989397900001144, -106.97295210000581, 979, 1958, 2937, 0.3916000000000071, 0.5874000000000005, 0.052865999999999004, 3916, 4895, 5874, 979321, 977342, 979, 1958, undefined, 1493684978036
Sustainer, Armed, 1300.9789999999768, 32.989397900001144, -106.97295210000581, 979, 1958, 2937, 0.3916000000000071, 0.5874000000000005, 0.052865999999999004, 3916, 4895, 5874, 979342, 978342, 979, 1958, undefined, 1493684978036
Booster, Armed, 1309.799999999991, 32.989398000001145, -106.97295200000582, 980, 1960, 2940, 0.3920000000000071, 0.5880000000000005, 0.052919999999999, 3920, 4900, 5880, 980320, 978340, 980, 1960, undefined, 1493684978056
Sustainer, Armed, 1300.9799999999768, 32.989398000001145, -106.97295200000582, 980, 1960, 2940, 0.3920000000000071, 0.5880000000000005, 0.052919999999999, 3920, 4900, 5880, 980340, 979340, 980, 1960, undefined, 1493684978056
Booster, Armed, 1309.809999999991, 32.98939810000115, -106.97295190000582, 981, 1962, 2943, 0.39240000000000713, 0.5886000000000006, 0.052973999999999, 3924, 4905, 5886, 981319, 979338, 981, 1962, undefined, 1493684978076
Sustainer, Armed, 1300.9809999999768, 32.98939810000115, -106.97295190000582, 981, 1962, 2943, 0.39240000000000713, 0.5886000000000006, 0.052973999999999, 3924, 4905, 5886, 981338, 980338, 981, 1962, undefined, 1493684978076
Booster, Armed, 1309.819999999991, 32.98939820000115, -106.97295180000583, 982, 1964, 2946, 0.39280000000000714, 0.5892000000000006, 0.053027999999999, 3928, 4910, 5892, 982318, 980336, 982, 1964, undefined, 1493684978096
Sustainer, Armed, 1300.9819999999768, 32.98939820000115, -106.97295180000583, 982, 1964, 2946, 0.39280000000000714, 0.5892000000000006, 0.053027999999999, 3928, 4910, 5892, 982336, 981336, 982, 1964, undefined, 1493684978096
Booster, Armed, 1309.829999999991, 32.98939830000115, -106.97295170000584, 983, 1966, 2949, 0.39320000000000715, 0.5898000000000007, 0.053081999999999, 3932, 4915, 5898, 983317, 981334, 983, 1966, undefined, 1493684978116
Sustainer, Armed, 1300.9829999999768, 32.98939830000115, -106.97295170000584, 983, 1966, 2949, 0.39320000000000715, 0.5898000000000007, 0.053081999999999, 3932, 4915, 5898, 983334, 982334, 983, 1966, undefined, 1493684978116
Booster, Armed, 1309.839999999991, 32.98939840000115, -106.97295160000584, 984, 1968, 2952, 0.39360000000000717, 0.5904000000000007, 0.053135999999999, 3936, 4920, 5904, 984316, 982332, 984, 1968, undefined, 1493684978136
Sustainer, Armed, 1300.9839999999767, 32.98939840000115, -106.97295160000584, 984, 1968, 2952, 0.39360000000000717, 0.5904000000000007, 0.053135999999999, 3936, 4920, 5904, 984332, 983332, 984, 1968, undefined, 1493684978136
Booster, Armed, 1309.849999999991, 32.98939850000115, -106.97295150000585, 985, 1970, 2955, 0.3940000000000072, 0.5910000000000007, 0.053189999999998995, 3940, 4925, 5910, 985315, 983330, 985, 1970, undefined, 1493684978156
Sustainer, Armed, 1300.9849999999767, 32.98939850000115, -106.97295150000585, 985, 1970, 2955, 0.3940000000000072, 0.5910000000000007, 0.053189999999998995, 3940, 4925, 5910, 985330, 984330, 985, 1970, undefined, 1493684978156
Booster, Armed, 1309.859999999991, 32.98939860000115, -106.97295140000585, 986, 1972, 2958, 0.3944000000000072, 0.5916000000000008, 0.053243999999998994, 3944, 4930, 5916, 986314, 984328, 986, 1972, undefined, 1493684978177
Sustainer, Armed, 1300.9859999999767, 32.98939860000115, -106.97295140000585, 986, 1972, 2958, 0.3944000000000072, 0.5916000000000008, 0.053243999999998994, 3944, 4930, 5916, 986328, 985328, 986, 1972, undefined, 1493684978177
Booster, Armed, 1309.869999999991, 32.98939870000115, -106.97295130000586, 987, 1974, 2961, 0.3948000000000072, 0.5922000000000008, 0.05329799999999899, 3948, 4935, 5922, 987313, 985326, 987, 1974, undefined, 1493684978197
Sustainer, Armed, 1300.9869999999767, 32.98939870000115, -106.97295130000586, 987, 1974, 2961, 0.3948000000000072, 0.5922000000000008, 0.05329799999999899, 3948, 4935, 5922, 987326, 986326, 987, 1974, undefined, 1493684978197
Booster, Armed, 1309.879999999991, 32.989398800001155, -106.97295120000587, 988, 1976, 2964, 0.3952000000000072, 0.5928000000000009, 0.05335199999999899, 3952, 4940, 5928, 988312, 986324, 988, 1976, undefined, 1493684978217
Sustainer, Armed, 1300.9879999999766, 32.989398800001155, -106.97295120000587, 988, 1976, 2964, 0.3952000000000072, 0.5928000000000009, 0.05335199999999899, 3952, 4940, 5928, 988324, 987324, 988, 1976, undefined, 1493684978217
Booster, Armed, 1309.889999999991, 32.989398900001156, -106.97295110000587, 989, 1978, 2967, 0.3956000000000072, 0.5934000000000009, 0.05340599999999899, 3956, 4945, 5934, 989311, 987322, 989, 1978, undefined, 1493684978237
Sustainer, Armed, 1300.9889999999766, 32.989398900001156, -106.97295110000587, 989, 1978, 2967, 0.3956000000000072, 0.5934000000000009, 0.05340599999999899, 3956, 4945, 5934, 989322, 988322, 989, 1978, undefined, 1493684978237
Booster, Armed, 1309.899999999991, 32.98939900000116, -106.97295100000588, 990, 1980, 2970, 0.39600000000000724, 0.594000000000001, 0.05345999999999899, 3960, 4950, 5940, 990310, 988320, 990, 1980, undefined, 1493684978257
Sustainer, Armed, 1300.9899999999766, 32.98939900000116, -106.97295100000588, 990, 1980, 2970, 0.39600000000000724, 0.594000000000001, 0.05345999999999899, 3960, 4950, 5940, 990320, 989320, 990, 1980, undefined, 1493684978257
Booster, Armed, 1309.909999999991, 32.98939910000116, -106.97295090000588, 991, 1982, 2973, 0.39640000000000725, 0.594600000000001, 0.053513999999998986, 3964, 4955, 5946, 991309, 989318, 991, 1982, undefined, 1493684978277
Sustainer, Armed, 1300.9909999999766, 32.98939910000116, -106.97295090000588, 991, 1982, 2973, 0.39640000000000725, 0.594600000000001, 0.053513999999998986, 3964, 4955, 5946, 991318, 990318, 991, 1982, undefined, 1493684978277
Booster, Armed, 1309.919999999991, 32.98939920000116, -106.97295080000589, 992, 1984, 2976, 0.39680000000000726, 0.5952000000000011, 0.053567999999998984, 3968, 4960, 5952, 992308, 990316, 992, 1984, undefined, 1493684978298
Sustainer, Armed, 1300.9919999999765, 32.98939920000116, -106.97295080000589, 992, 1984, 2976, 0.39680000000000726, 0.5952000000000011, 0.053567999999998984, 3968, 4960, 5952, 992316, 991316, 992, 1984, undefined, 1493684978298
Booster, Armed, 1309.929999999991, 32.98939930000116, -106.9729507000059, 993, 1986, 2979, 0.39720000000000727, 0.5958000000000011, 0.05362199999999898, 3972, 4965, 5958, 993307, 991314, 993, 1986, undefined, 1493684978318
Sustainer, Armed, 1300.9929999999765, 32.98939930000116, -106.9729507000059, 993, 1986, 2979, 0.39720000000000727, 0.5958000000000011, 0.05362199999999898, 3972, 4965, 5958, 993314, 992314, 993, 1986, undefined, 1493684978318
Booster, Armed, 1309.939999999991, 32.98939940000116, -106.9729506000059, 994, 1988, 2982, 0.3976000000000073, 0.5964000000000012, 0.05367599999999898, 3976, 4970, 5964, 994306, 992312, 994, 1988, undefined, 1493684978338
Sustainer, Armed, 1300.9939999999765, 32.98939940000116, -106.9729506000059, 994, 1988, 2982, 0.3976000000000073, 0.5964000000000012, 0.05367599999999898, 3976, 4970, 5964, 994312, 993312, 994, 1988, undefined, 1493684978338
Booster, Armed, 1309.949999999991, 32.98939950000116, -106.97295050000591, 995, 1990, 2985, 0.3980000000000073, 0.5970000000000012, 0.05372999999999898, 3980, 4975, 5970, 995305, 993310, 995, 1990, undefined, 1493684978358
Sustainer, Armed, 1300.9949999999765, 32.98939950000116, -106.97295050000591, 995, 1990, 2985, 0.3980000000000073, 0.5970000000000012, 0.05372999999999898, 3980, 4975, 5970, 995310, 994310, 995, 1990, undefined, 1493684978358
Booster, Armed, 1309.959999999991, 32.989399600001164, -106.97295040000591, 996, 1992, 2988, 0.3984000000000073, 0.5976000000000012, 0.05378399999999898, 3984, 4980, 5976, 996304, 994308, 996, 1992, undefined, 1493684978378
Sustainer, Armed, 1300.9959999999764, 32.989399600001164, -106.97295040000591, 996, 1992, 2988, 0.3984000000000073, 0.5976000000000012, 0.05378399999999898, 3984, 4980, 5976, 996308, 995308, 996, 1992, undefined, 1493684978378
Booster, Armed, 1309.969999999991, 32.989399700001165, -106.97295030000592, 997, 1994, 2991, 0.3988000000000073, 0.5982000000000013, 0.05383799999999898, 3988, 4985, 5982, 997303, 995306, 997, 1994, undefined, 1493684978398
Sustainer, Armed, 1300.9969999999764, 32.989399700001165, -106.97295030000592, 997, 1994, 2991, 0.3988000000000073, 0.5982000000000013, 0.05383799999999898, 3988, 4985, 5982, 997306, 996306, 997, 1994, undefined, 1493684978398
Booster, Armed, 1309.979999999991, 32.989399800001166, -106.97295020000593, 998, 1996, 2994, 0.3992000000000073, 0.5988000000000013, 0.053891999999998975, 3992, 4990, 5988, 998302, 996304, 998, 1996, undefined, 1493684978418
Sustainer, Armed, 1300.9979999999764, 32.989399800001166, -106.97295020000593, 998, 1996, 2994, 0.3992000000000073, 0.5988000000000013, 0.053891999999998975, 3992, 4990, 5988, 998304, 997304, 998, 1996, undefined, 1493684978418
Booster, Armed, 1309.989999999991, 32.98939990000117, -106.97295010000593, 999, 1998, 2997, 0.39960000000000734, 0.5994000000000014, 0.053945999999998974, 3996, 4995, 5994, 999301, 997302, 999, 1998, undefined, 1493684978439
Sustainer, Armed, 1300.9989999999764, 32.98939990000117, -106.97295010000593, 999, 1998, 2997, 0.39960000000000734, 0.5994000000000014, 0.053945999999998974, 3996, 4995, 5994, 999302, 998302, 999, 1998, undefined, 1493684978439
Booster, Armed, 1309.999999999991, 32.98940000000117, -106.97295000000594, 1000, 2000, 3000, 0.40000000000000735, 0.6000000000000014, 0.05399999999999897, 4000, 5000, 6000, 1000300, 998300, 1000, 2000, undefined, 1493684978460
Sustainer, Armed, 1300.9999999999764, 32.98940000000117, -106.97295000000594, 1000, 2000, 3000, 0.40000000000000735, 0.6000000000000014, 0.05399999999999897, 4000, 5000, 6000, 1000300, 999300, 1000, 2000, undefined, 1493684978460
Booster, Armed, 1310.009999999991, 32.98940010000117, -106.97294990000594, 1001, 2002, 3003, 0.40040000000000736, 0.6006000000000015, 0.05405399999999897, 4004, 5005, 6006, 1001299, 999298, 1001, 2002, undefined, 1493684978481
Sustainer, Armed, 1301.0009999999763, 32.98940010000117, -106.97294990000594, 1001, 2002, 3003, 0.40040000000000736, 0.6006000000000015, 0.05405399999999897, 4004, 5005, 6006, 1001298, 1000298, 1001, 2002, undefined, 1493684978481
Booster, Armed, 1310.019999999991, 32.98940020000117, -106.97294980000595, 1002, 2004, 3006, 0.4008000000000074, 0.6012000000000015, 0.05410799999999897, 4008, 5010, 6012, 1002298, 1000296, 1002, 2004, undefined, 1493684978501
Sustainer, Armed, 1301.0019999999763, 32.98940020000117, -106.97294980000595, 1002, 2004, 3006, 0.4008000000000074, 0.6012000000000015, 0.05410799999999897, 4008, 5010, 6012, 1002296, 1001296, 1002, 2004, undefined, 1493684978501
Booster, Armed, 1310.0299999999909, 32.98940030000117, -106.97294970000596, 1003, 2006, 3009, 0.4012000000000074, 0.6018000000000016, 0.05416199999999897, 4012, 5015, 6018, 1003297, 1001294, 1003, 2006, undefined, 1493684978522
Sustainer, Armed, 1301.0029999999763, 32.98940030000117, -106.97294970000596, 1003, 2006, 3009, 0.4012000000000074, 0.6018000000000016, 0.05416199999999897, 4012, 5015, 6018, 1003294, 1002294, 1003, 2006, undefined, 1493684978522
Booster, Armed, 1310.0399999999909, 32.98940040000117, -106.97294960000596, 1004, 2008, 3012, 0.4016000000000074, 0.6024000000000016, 0.054215999999998966, 4016, 5020, 6024, 1004296, 1002292, 1004, 2008, undefined, 1493684978543
Sustainer, Armed, 1301.0039999999763, 32.98940040000117, -106.97294960000596, 1004, 2008, 3012, 0.4016000000000074, 0.6024000000000016, 0.054215999999998966, 4016, 5020, 6024, 1004292, 1003292, 1004, 2008, undefined, 1493684978543
Booster, Armed, 1310.0499999999909, 32.989400500001175, -106.97294950000597, 1005, 2010, 3015, 0.4020000000000074, 0.6030000000000016, 0.054269999999998965, 4020, 5025, 6030, 1005295, 1003290, 1005, 2010, undefined, 1493684978564
Sustainer, Armed, 1301.0049999999762, 32.989400500001175, -106.97294950000597, 1005, 2010, 3015, 0.4020000000000074, 0.6030000000000016, 0.054269999999998965, 4020, 5025, 6030, 1005290, 1004290, 1005, 2010, undefined, 1493684978564
Booster, Armed, 1310.0599999999909, 32.989400600001176, -106.97294940000597, 1006, 2012, 3018, 0.4024000000000074, 0.6036000000000017, 0.05432399999999896, 4024, 5030, 6036, 1006294, 1004288, 1006, 2012, undefined, 1493684978586
Sustainer, Armed, 1301.0059999999762, 32.989400600001176, -106.97294940000597, 1006, 2012, 3018, 0.4024000000000074, 0.6036000000000017, 0.05432399999999896, 4024, 5030, 6036, 1006288, 1005288, 1006, 2012, undefined, 1493684978586
Booster, Armed, 1310.0699999999908, 32.98940070000118, -106.97294930000598, 1007, 2014, 3021, 0.40280000000000743, 0.6042000000000017, 0.05437799999999896, 4028, 5035, 6042, 1007293, 1005286, 1007, 2014, undefined, 1493684978607
Sustainer, Armed, 1301.0069999999762, 32.98940070000118, -106.97294930000598, 1007, 2014, 3021, 0.40280000000000743, 0.6042000000000017, 0.05437799999999896, 4028, 5035, 6042, 1007286, 1006286, 1007, 2014, undefined, 1493684978607
Booster, Armed, 1310.0799999999908, 32.98940080000118, -106.97294920000598, 1008, 2016, 3024, 0.40320000000000744, 0.6048000000000018, 0.05443199999999896, 4032, 5040, 6048, 1008292, 1006284, 1008, 2016, undefined, 1493684978628
Sustainer, Armed, 1301.0079999999762, 32.98940080000118, -106.97294920000598, 1008, 2016, 3024, 0.40320000000000744, 0.6048000000000018, 0.05443199999999896, 4032, 5040, 6048, 1008284, 1007284, 1008, 2016, undefined, 1493684978628
Booster, Armed, 1310.0899999999908, 32.98940090000118, -106.97294910000599, 1009, 2018, 3027, 0.40360000000000745, 0.6054000000000018, 0.05448599999999896, 4036, 5045, 6054, 1009291, 1007282, 1009, 2018, undefined, 1493684978649
Sustainer, Armed, 1301.0089999999761, 32.98940090000118, -106.97294910000599, 1009, 2018, 3027, 0.40360000000000745, 0.6054000000000018, 0.05448599999999896, 4036, 5045, 6054, 1009282, 1008282, 1009, 2018, undefined, 1493684978649
Booster, Armed, 1310.0999999999908, 32.98940100000118, -106.972949000006, 1010, 2020, 3030, 0.40400000000000746, 0.6060000000000019, 0.05453999999999896, 4040, 5050, 6060, 1010290, 1008280, 1010, 2020, undefined, 1493684978671
Sustainer, Armed, 1301.0099999999761, 32.98940100000118, -106.972949000006, 1010, 2020, 3030, 0.40400000000000746, 0.6060000000000019, 0.05453999999999896, 4040, 5050, 6060, 1010280, 1009280, 1010, 2020, undefined, 1493684978671
Booster, Armed, 1310.1099999999908, 32.98940110000118, -106.972948900006, 1011, 2022, 3033, 0.4044000000000075, 0.6066000000000019, 0.054593999999998956, 4044, 5055, 6066, 1011289, 1009278, 1011, 2022, undefined, 1493684978692
Sustainer, Armed, 1301.010999999976, 32.98940110000118, -106.972948900006, 1011, 2022, 3033, 0.4044000000000075, 0.6066000000000019, 0.054593999999998956, 4044, 5055, 6066, 1011278, 1010278, 1011, 2022, undefined, 1493684978692
Booster, Armed, 1310.1199999999908, 32.98940120000118, -106.97294880000601, 1012, 2024, 3036, 0.4048000000000075, 0.607200000000002, 0.054647999999998954, 4048, 5060, 6072, 1012288, 1010276, 1012, 2024, undefined, 1493684978713
Sustainer, Armed, 1301.011999999976, 32.98940120000118, -106.97294880000601, 1012, 2024, 3036, 0.4048000000000075, 0.607200000000002, 0.054647999999998954, 4048, 5060, 6072, 1012276, 1011276, 1012, 2024, undefined, 1493684978713
Booster, Armed, 1310.1299999999908, 32.989401300001184, -106.97294870000601, 1013, 2026, 3039, 0.4052000000000075, 0.607800000000002, 0.05470199999999895, 4052, 5065, 6078, 1013287, 1011274, 1013, 2026, undefined, 1493684978734
Sustainer, Armed, 1301.012999999976, 32.989401300001184, -106.97294870000601, 1013, 2026, 3039, 0.4052000000000075, 0.607800000000002, 0.05470199999999895, 4052, 5065, 6078, 1013274, 1012274, 1013, 2026, undefined, 1493684978734
Booster, Armed, 1310.1399999999908, 32.989401400001185, -106.97294860000602, 1014, 2028, 3042, 0.4056000000000075, 0.608400000000002, 0.05475599999999895, 4056, 5070, 6084, 1014286, 1012272, 1014, 2028, undefined, 1493684978754
Sustainer, Armed, 1301.013999999976, 32.989401400001185, -106.97294860000602, 1014, 2028, 3042, 0.4056000000000075, 0.608400000000002, 0.05475599999999895, 4056, 5070, 6084, 1014272, 1013272, 1014, 2028, undefined, 1493684978754
Booster, Armed, 1310.1499999999908, 32.989401500001186, -106.97294850000603, 1015, 2030, 3045, 0.4060000000000075, 0.6090000000000021, 0.05480999999999895, 4060, 5075, 6090, 1015285, 1013270, 1015, 2030, undefined, 1493684978775
Sustainer, Armed, 1301.014999999976, 32.989401500001186, -106.97294850000603, 1015, 2030, 3045, 0.4060000000000075, 0.6090000000000021, 0.05480999999999895, 4060, 5075, 6090, 1015270, 1014270, 1015, 2030, undefined, 1493684978775
Booster, Armed, 1310.1599999999908, 32.98940160000119, -106.97294840000603, 1016, 2032, 3048, 0.40640000000000753, 0.6096000000000021, 0.05486399999999895, 4064, 5080, 6096, 1016284, 1014268, 1016, 2032, undefined, 1493684978796
Sustainer, Armed, 1301.015999999976, 32.98940160000119, -106.97294840000603, 1016, 2032, 3048, 0.40640000000000753, 0.6096000000000021, 0.05486399999999895, 4064, 5080, 6096, 1016268, 1015268, 1016, 2032, undefined, 1493684978796
Booster, Armed, 1310.1699999999908, 32.98940170000119, -106.97294830000604, 1017, 2034, 3051, 0.40680000000000754, 0.6102000000000022, 0.05491799999999895, 4068, 5085, 6102, 1017283, 1015266, 1017, 2034, undefined, 1493684978816
Sustainer, Armed, 1301.016999999976, 32.98940170000119, -106.97294830000604, 1017, 2034, 3051, 0.40680000000000754, 0.6102000000000022, 0.05491799999999895, 4068, 5085, 6102, 1017266, 1016266, 1017, 2034, undefined, 1493684978816
Booster, Armed, 1310.1799999999907, 32.98940180000119, -106.97294820000604, 1018, 2036, 3054, 0.40720000000000756, 0.6108000000000022, 0.054971999999998945, 4072, 5090, 6108, 1018282, 1016264, 1018, 2036, undefined, 1493684978836
Sustainer, Armed, 1301.017999999976, 32.98940180000119, -106.97294820000604, 1018, 2036, 3054, 0.40720000000000756, 0.6108000000000022, 0.054971999999998945, 4072, 5090, 6108, 1018264, 1017264, 1018, 2036, undefined, 1493684978836
Booster, Armed, 1310.1899999999907, 32.98940190000119, -106.97294810000605, 1019, 2038, 3057, 0.40760000000000757, 0.6114000000000023, 0.055025999999998944, 4076, 5095, 6114, 1019281, 1017262, 1019, 2038, undefined, 1493684978856
Sustainer, Armed, 1301.018999999976, 32.98940190000119, -106.97294810000605, 1019, 2038, 3057, 0.40760000000000757, 0.6114000000000023, 0.055025999999998944, 4076, 5095, 6114, 1019262, 1018262, 1019, 2038, undefined, 1493684978856
Booster, Armed, 1310.1999999999907, 32.98940200000119, -106.97294800000606, 1020, 2040, 3060, 0.4080000000000076, 0.6120000000000023, 0.05507999999999894, 4080, 5100, 6120, 1020280, 1018260, 1020, 2040, undefined, 1493684978876
Sustainer, Armed, 1301.0199999999759, 32.98940200000119, -106.97294800000606, 1020, 2040, 3060, 0.4080000000000076, 0.6120000000000023, 0.05507999999999894, 4080, 5100, 6120, 1020260, 1019260, 1020, 2040, undefined, 1493684978876
Booster, Armed, 1310.2099999999907, 32.98940210000119, -106.97294790000606, 1021, 2042, 3063, 0.4084000000000076, 0.6126000000000024, 0.05513399999999894, 4084, 5105, 6126, 1021279, 1019258, 1021, 2042, undefined, 1493684978896
Sustainer, Armed, 1301.0209999999759, 32.98940210000119, -106.97294790000606, 1021, 2042, 3063, 0.4084000000000076, 0.6126000000000024, 0.05513399999999894, 4084, 5105, 6126, 1021258, 1020258, 1021, 2042, undefined, 1493684978896
Booster, Armed, 1310.2199999999907, 32.989402200001194, -106.97294780000607, 1022, 2044, 3066, 0.4088000000000076, 0.6132000000000024, 0.05518799999999894, 4088, 5110, 6132, 1022278, 1020256, 1022, 2044, undefined, 1493684978916
Sustainer, Armed, 1301.0219999999758, 32.989402200001194, -106.97294780000607, 1022, 2044, 3066, 0.4088000000000076, 0.6132000000000024, 0.05518799999999894, 4088, 5110, 6132, 1022256, 1021256, 1022, 2044, undefined, 1493684978916
Booster, Armed, 1310.2299999999907, 32.989402300001196, -106.97294770000607, 1023, 2046, 3069, 0.4092000000000076, 0.6138000000000025, 0.05524199999999894, 4092, 5115, 6138, 1023277, 1021254, 1023, 2046, undefined, 1493684978936
Sustainer, Armed, 1301.0229999999758, 32.989402300001196, -106.97294770000607, 1023, 2046, 3069, 0.4092000000000076, 0.6138000000000025, 0.05524199999999894, 4092, 5115, 6138, 1023254, 1022254, 1023, 2046, undefined, 1493684978936
Booster, Armed, 1310.2399999999907, 32.9894024000012, -106.97294760000608, 1024, 2048, 3072, 0.4096000000000076, 0.6144000000000025, 0.055295999999998936, 4096, 5120, 6144, 1024276, 1022252, 1024, 2048, undefined, 1493684978956
Sustainer, Armed, 1301.0239999999758, 32.9894024000012, -106.97294760000608, 1024, 2048, 3072, 0.4096000000000076, 0.6144000000000025, 0.055295999999998936, 4096, 5120, 6144, 1024252, 1023252, 1024, 2048, undefined, 1493684978956
Booster, Armed, 1310.2499999999907, 32.9894025000012, -106.97294750000609, 1025, 2050, 3075, 0.41000000000000764, 0.6150000000000025, 0.055349999999998935, 4100, 5125, 6150, 1025275, 1023250, 1025, 2050, undefined, 1493684978976
Sustainer, Armed, 1301.0249999999758, 32.9894025000012, -106.97294750000609, 1025, 2050, 3075, 0.41000000000000764, 0.6150000000000025, 0.055349999999998935, 4100, 5125, 6150, 1025250, 1024250, 1025, 2050, undefined, 1493684978976
Booster, Armed, 1310.2599999999907, 32.9894026000012, -106.97294740000609, 1026, 2052, 3078, 0.41040000000000765, 0.6156000000000026, 0.05540399999999893, 4104, 5130, 6156, 1026274, 1024248, 1026, 2052, undefined, 1493684978996
Sustainer, Armed, 1301.0259999999757, 32.9894026000012, -106.97294740000609, 1026, 2052, 3078, 0.41040000000000765, 0.6156000000000026, 0.05540399999999893, 4104, 5130, 6156, 1026248, 1025248, 1026, 2052, undefined, 1493684978996
Booster, Armed, 1310.2699999999907, 32.9894027000012, -106.9729473000061, 1027, 2054, 3081, 0.41080000000000766, 0.6162000000000026, 0.05545799999999893, 4108, 5135, 6162, 1027273, 1025246, 1027, 2054, undefined, 1493684979016
Sustainer, Armed, 1301.0269999999757, 32.9894027000012, -106.9729473000061, 1027, 2054, 3081, 0.41080000000000766, 0.6162000000000026, 0.05545799999999893, 4108, 5135, 6162, 1027246, 1026246, 1027, 2054, undefined, 1493684979016
Booster, Armed, 1310.2799999999907, 32.9894028000012, -106.9729472000061, 1028, 2056, 3084, 0.41120000000000767, 0.6168000000000027, 0.05551199999999893, 4112, 5140, 6168, 1028272, 1026244, 1028, 2056, undefined, 1493684979036
Sustainer, Armed, 1301.0279999999757, 32.9894028000012, -106.9729472000061, 1028, 2056, 3084, 0.41120000000000767, 0.6168000000000027, 0.05551199999999893, 4112, 5140, 6168, 1028244, 1027244, 1028, 2056, undefined, 1493684979036
Booster, Armed, 1310.2899999999906, 32.9894029000012, -106.97294710000611, 1029, 2058, 3087, 0.4116000000000077, 0.6174000000000027, 0.05556599999999893, 4116, 5145, 6174, 1029271, 1027242, 1029, 2058, undefined, 1493684979056
Sustainer, Armed, 1301.0289999999757, 32.9894029000012, -106.97294710000611, 1029, 2058, 3087, 0.4116000000000077, 0.6174000000000027, 0.05556599999999893, 4116, 5145, 6174, 1029242, 1028242, 1029, 2058, undefined, 1493684979056
Booster, Armed, 1310.2999999999906, 32.989403000001204, -106.97294700000612, 1030, 2060, 3090, 0.4120000000000077, 0.6180000000000028, 0.05561999999999893, 4120, 5150, 6180, 1030270, 1028240, 1030, 2060, undefined, 1493684979076
Sustainer, Armed, 1301.0299999999756, 32.989403000001204, -106.97294700000612, 1030, 2060, 3090, 0.4120000000000077, 0.6180000000000028, 0.05561999999999893, 4120, 5150, 6180, 1030240, 1029240, 1030, 2060, undefined, 1493684979076
Booster, Armed, 1310.3099999999906, 32.989403100001205, -106.97294690000612, 1031, 2062, 3093, 0.4124000000000077, 0.6186000000000028, 0.055673999999998926, 4124, 5155, 6186, 1031269, 1029238, 1031, 2062, undefined, 1493684979096
Sustainer, Armed, 1301.0309999999756, 32.989403100001205, -106.97294690000612, 1031, 2062, 3093, 0.4124000000000077, 0.6186000000000028, 0.055673999999998926, 4124, 5155, 6186, 1031238, 1030238, 1031, 2062, undefined, 1493684979096
Booster, Armed, 1310.3199999999906, 32.989403200001206, -106.97294680000613, 1032, 2064, 3096, 0.4128000000000077, 0.6192000000000029, 0.055727999999998924, 4128, 5160, 6192, 1032268, 1030236, 1032, 2064, undefined, 1493684979116
Sustainer, Armed, 1301.0319999999756, 32.989403200001206, -106.97294680000613, 1032, 2064, 3096, 0.4128000000000077, 0.6192000000000029, 0.055727999999998924, 4128, 5160, 6192, 1032236, 1031236, 1032, 2064, undefined, 1493684979116
Booster, Armed, 1310.3299999999906, 32.98940330000121, -106.97294670000613, 1033, 2066, 3099, 0.41320000000000773, 0.6198000000000029, 0.05578199999999892, 4132, 5165, 6198, 1033267, 1031234, 1033, 2066, undefined, 1493684979136
Sustainer, Armed, 1301.0329999999756, 32.98940330000121, -106.97294670000613, 1033, 2066, 3099, 0.41320000000000773, 0.6198000000000029, 0.05578199999999892, 4132, 5165, 6198, 1033234, 1032234, 1033, 2066, undefined, 1493684979136
Booster, Armed, 1310.3399999999906, 32.98940340000121, -106.97294660000614, 1034, 2068, 3102, 0.41360000000000774, 0.620400000000003, 0.05583599999999892, 4136, 5170, 6204, 1034266, 1032232, 1034, 2068, undefined, 1493684979156
Sustainer, Armed, 1301.0339999999755, 32.98940340000121, -106.97294660000614, 1034, 2068, 3102, 0.41360000000000774, 0.620400000000003, 0.05583599999999892, 4136, 5170, 6204, 1034232, 1033232, 1034, 2068, undefined, 1493684979156
Booster, Armed, 1310.3499999999906, 32.98940350000121, -106.97294650000615, 1035, 2070, 3105, 0.41400000000000775, 0.621000000000003, 0.05588999999999892, 4140, 5175, 6210, 1035265, 1033230, 1035, 2070, undefined, 1493684979176
Sustainer, Armed, 1301.0349999999755, 32.98940350000121, -106.97294650000615, 1035, 2070, 3105, 0.41400000000000775, 0.621000000000003, 0.05588999999999892, 4140, 5175, 6210, 1035230, 1034230, 1035, 2070, undefined, 1493684979176
Booster, Armed, 1310.3599999999906, 32.98940360000121, -106.97294640000615, 1036, 2072, 3108, 0.41440000000000776, 0.621600000000003, 0.05594399999999892, 4144, 5180, 6216, 1036264, 1034228, 1036, 2072, undefined, 1493684979196
Sustainer, Armed, 1301.0359999999755, 32.98940360000121, -106.97294640000615, 1036, 2072, 3108, 0.41440000000000776, 0.621600000000003, 0.05594399999999892, 4144, 5180, 6216, 1036228, 1035228, 1036, 2072, undefined, 1493684979196
Booster, Armed, 1310.3699999999906, 32.98940370000121, -106.97294630000616, 1037, 2074, 3111, 0.4148000000000078, 0.6222000000000031, 0.05599799999999892, 4148, 5185, 6222, 1037263, 1035226, 1037, 2074, undefined, 1493684979216
Sustainer, Armed, 1301.0369999999755, 32.98940370000121, -106.97294630000616, 1037, 2074, 3111, 0.4148000000000078, 0.6222000000000031, 0.05599799999999892, 4148, 5185, 6222, 1037226, 1036226, 1037, 2074, undefined, 1493684979216
Booster, Armed, 1310.3799999999906, 32.98940380000121, -106.97294620000616, 1038, 2076, 3114, 0.4152000000000078, 0.6228000000000031, 0.056051999999998915, 4152, 5190, 6228, 1038262, 1036224, 1038, 2076, undefined, 1493684979236
Sustainer, Armed, 1301.0379999999755, 32.98940380000121, -106.97294620000616, 1038, 2076, 3114, 0.4152000000000078, 0.6228000000000031, 0.056051999999998915, 4152, 5190, 6228, 1038224, 1037224, 1038, 2076, undefined, 1493684979236
Booster, Armed, 1310.3899999999906, 32.989403900001214, -106.97294610000617, 1039, 2078, 3117, 0.4156000000000078, 0.6234000000000032, 0.056105999999998914, 4156, 5195, 6234, 1039261, 1037222, 1039, 2078, undefined, 1493684979257
Sustainer, Armed, 1301.0389999999754, 32.989403900001214, -106.97294610000617, 1039, 2078, 3117, 0.4156000000000078, 0.6234000000000032, 0.056105999999998914, 4156, 5195, 6234, 1039222, 1038222, 1039, 2078, undefined, 1493684979257
Booster, Armed, 1310.3999999999905, 32.989404000001215, -106.97294600000617, 1040, 2080, 3120, 0.4160000000000078, 0.6240000000000032, 0.05615999999999891, 4160, 5200, 6240, 1040260, 1038220, 1040, 2080, undefined, 1493684979277
Sustainer, Armed, 1301.0399999999754, 32.989404000001215, -106.97294600000617, 1040, 2080, 3120, 0.4160000000000078, 0.6240000000000032, 0.05615999999999891, 4160, 5200, 6240, 1040220, 1039220, 1040, 2080, undefined, 1493684979277
Booster, Armed, 1310.4099999999905, 32.98940410000122, -106.97294590000618, 1041, 2082, 3123, 0.4164000000000078, 0.6246000000000033, 0.05621399999999891, 4164, 5205, 6246, 1041259, 1039218, 1041, 2082, undefined, 1493684979298
Sustainer, Armed, 1301.0409999999754, 32.98940410000122, -106.97294590000618, 1041, 2082, 3123, 0.4164000000000078, 0.6246000000000033, 0.05621399999999891, 4164, 5205, 6246, 1041218, 1040218, 1041, 2082, undefined, 1493684979298
Booster, Armed, 1310.4199999999905, 32.98940420000122, -106.97294580000619, 1042, 2084, 3126, 0.41680000000000783, 0.6252000000000033, 0.05626799999999891, 4168, 5210, 6252, 1042258, 1040216, 1042, 2084, undefined, 1493684979318
Sustainer, Armed, 1301.0419999999754, 32.98940420000122, -106.97294580000619, 1042, 2084, 3126, 0.41680000000000783, 0.6252000000000033, 0.05626799999999891, 4168, 5210, 6252, 1042216, 1041216, 1042, 2084, undefined, 1493684979318
Booster, Armed, 1310.4299999999905, 32.98940430000122, -106.97294570000619, 1043, 2086, 3129, 0.41720000000000784, 0.6258000000000034, 0.05632199999999891, 4172, 5215, 6258, 1043257, 1041214, 1043, 2086, undefined, 1493684979338
Sustainer, Armed, 1301.0429999999753, 32.98940430000122, -106.97294570000619, 1043, 2086, 3129, 0.41720000000000784, 0.6258000000000034, 0.05632199999999891, 4172, 5215, 6258, 1043214, 1042214, 1043, 2086, undefined, 1493684979338
Booster, Armed, 1310.4399999999905, 32.98940440000122, -106.9729456000062, 1044, 2088, 3132, 0.41760000000000785, 0.6264000000000034, 0.056375999999998906, 4176, 5220, 6264, 1044256, 1042212, 1044, 2088, undefined, 1493684979358
Sustainer, Armed, 1301.0439999999753, 32.98940440000122, -106.9729456000062, 1044, 2088, 3132, 0.41760000000000785, 0.6264000000000034, 0.056375999999998906, 4176, 5220, 6264, 1044212, 1043212, 1044, 2088, undefined, 1493684979358
Booster, Armed, 1310.4499999999905, 32.98940450000122, -106.9729455000062, 1045, 2090, 3135, 0.41800000000000787, 0.6270000000000034, 0.056429999999998905, 4180, 5225, 6270, 1045255, 1043210, 1045, 2090, undefined, 1493684979378
Sustainer, Armed, 1301.0449999999753, 32.98940450000122, -106.9729455000062, 1045, 2090, 3135, 0.41800000000000787, 0.6270000000000034, 0.056429999999998905, 4180, 5225, 6270, 1045210, 1044210, 1045, 2090, undefined, 1493684979378
Booster, Armed, 1310.4599999999905, 32.98940460000122, -106.97294540000621, 1046, 2092, 3138, 0.4184000000000079, 0.6276000000000035, 0.0564839999999989, 4184, 5230, 6276, 1046254, 1044208, 1046, 2092, undefined, 1493684979398
Sustainer, Armed, 1301.0459999999753, 32.98940460000122, -106.97294540000621, 1046, 2092, 3138, 0.4184000000000079, 0.6276000000000035, 0.0564839999999989, 4184, 5230, 6276, 1046208, 1045208, 1046, 2092, undefined, 1493684979398
Booster, Armed, 1310.4699999999905, 32.989404700001224, -106.97294530000622, 1047, 2094, 3141, 0.4188000000000079, 0.6282000000000035, 0.0565379999999989, 4188, 5235, 6282, 1047253, 1045206, 1047, 2094, undefined, 1493684979418
Sustainer, Armed, 1301.0469999999752, 32.989404700001224, -106.97294530000622, 1047, 2094, 3141, 0.4188000000000079, 0.6282000000000035, 0.0565379999999989, 4188, 5235, 6282, 1047206, 1046206, 1047, 2094, undefined, 1493684979418
Booster, Armed, 1310.4799999999905, 32.989404800001225, -106.97294520000622, 1048, 2096, 3144, 0.4192000000000079, 0.6288000000000036, 0.0565919999999989, 4192, 5240, 6288, 1048252, 1046204, 1048, 2096, undefined, 1493684979438
Sustainer, Armed, 1301.0479999999752, 32.989404800001225, -106.97294520000622, 1048, 2096, 3144, 0.4192000000000079, 0.6288000000000036, 0.0565919999999989, 4192, 5240, 6288, 1048204, 1047204, 1048, 2096, undefined, 1493684979438
Booster, Armed, 1310.4899999999905, 32.989404900001226, -106.97294510000623, 1049, 2098, 3147, 0.4196000000000079, 0.6294000000000036, 0.0566459999999989, 4196, 5245, 6294, 1049251, 1047202, 1049, 2098, undefined, 1493684979458
Sustainer, Armed, 1301.0489999999752, 32.989404900001226, -106.97294510000623, 1049, 2098, 3147, 0.4196000000000079, 0.6294000000000036, 0.0566459999999989, 4196, 5245, 6294, 1049202, 1048202, 1049, 2098, undefined, 1493684979458
Booster, Armed, 1310.4999999999905, 32.98940500000123, -106.97294500000623, 1050, 2100, 3150, 0.4200000000000079, 0.6300000000000037, 0.0566999999999989, 4200, 5250, 6300, 1050250, 1048200, 1050, 2100, undefined, 1493684979478
Sustainer, Armed, 1301.0499999999752, 32.98940500000123, -106.97294500000623, 1050, 2100, 3150, 0.4200000000000079, 0.6300000000000037, 0.0566999999999989, 4200, 5250, 6300, 1050200, 1049200, 1050, 2100, undefined, 1493684979478
Booster, Armed, 1310.5099999999904, 32.98940510000123, -106.97294490000624, 1051, 2102, 3153, 0.42040000000000793, 0.6306000000000037, 0.056753999999998896, 4204, 5255, 6306, 1051249, 1049198, 1051, 2102, undefined, 1493684979498
Sustainer, Armed, 1301.0509999999751, 32.98940510000123, -106.97294490000624, 1051, 2102, 3153, 0.42040000000000793, 0.6306000000000037, 0.056753999999998896, 4204, 5255, 6306, 1051198, 1050198, 1051, 2102, undefined, 1493684979498
Booster, Armed, 1310.5199999999904, 32.98940520000123, -106.97294480000625, 1052, 2104, 3156, 0.42080000000000795, 0.6312000000000038, 0.056807999999998894, 4208, 5260, 6312, 1052248, 1050196, 1052, 2104, undefined, 1493684979518
Sustainer, Armed, 1301.0519999999751, 32.98940520000123, -106.97294480000625, 1052, 2104, 3156, 0.42080000000000795, 0.6312000000000038, 0.056807999999998894, 4208, 5260, 6312, 1052196, 1051196, 1052, 2104, undefined, 1493684979518
Booster, Armed, 1310.5299999999904, 32.98940530000123, -106.97294470000625, 1053, 2106, 3159, 0.42120000000000796, 0.6318000000000038, 0.05686199999999889, 4212, 5265, 6318, 1053247, 1051194, 1053, 2106, undefined, 1493684979538
Sustainer, Armed, 1301.052999999975, 32.98940530000123, -106.97294470000625, 1053, 2106, 3159, 0.42120000000000796, 0.6318000000000038, 0.05686199999999889, 4212, 5265, 6318, 1053194, 1052194, 1053, 2106, undefined, 1493684979538
Booster, Armed, 1310.5399999999904, 32.98940540000123, -106.97294460000626, 1054, 2108, 3162, 0.42160000000000797, 0.6324000000000038, 0.05691599999999889, 4216, 5270, 6324, 1054246, 1052192, 1054, 2108, undefined, 1493684979558
Sustainer, Armed, 1301.053999999975, 32.98940540000123, -106.97294460000626, 1054, 2108, 3162, 0.42160000000000797, 0.6324000000000038, 0.05691599999999889, 4216, 5270, 6324, 1054192, 1053192, 1054, 2108, undefined, 1493684979558
Booster, Armed, 1310.5499999999904, 32.98940550000123, -106.97294450000626, 1055, 2110, 3165, 0.422000000000008, 0.6330000000000039, 0.05696999999999889, 4220, 5275, 6330, 1055245, 1053190, 1055, 2110, undefined, 1493684979578
Sustainer, Armed, 1301.054999999975, 32.98940550000123, -106.97294450000626, 1055, 2110, 3165, 0.422000000000008, 0.6330000000000039, 0.05696999999999889, 4220, 5275, 6330, 1055190, 1054190, 1055, 2110, undefined, 1493684979578
Booster, Armed, 1310.5599999999904, 32.989405600001234, -106.97294440000627, 1056, 2112, 3168, 0.422400000000008, 0.6336000000000039, 0.05702399999999889, 4224, 5280, 6336, 1056244, 1054188, 1056, 2112, undefined, 1493684979598
Sustainer, Armed, 1301.055999999975, 32.989405600001234, -106.97294440000627, 1056, 2112, 3168, 0.422400000000008, 0.6336000000000039, 0.05702399999999889, 4224, 5280, 6336, 1056188, 1055188, 1056, 2112, undefined, 1493684979598
Booster, Armed, 1310.5699999999904, 32.989405700001235, -106.97294430000628, 1057, 2114, 3171, 0.422800000000008, 0.634200000000004, 0.05707799999999889, 4228, 5285, 6342, 1057243, 1055186, 1057, 2114, undefined, 1493684979618
Sustainer, Armed, 1301.056999999975, 32.989405700001235, -106.97294430000628, 1057, 2114, 3171, 0.422800000000008, 0.634200000000004, 0.05707799999999889, 4228, 5285, 6342, 1057186, 1056186, 1057, 2114, undefined, 1493684979618
Booster, Armed, 1310.5799999999904, 32.98940580000124, -106.97294420000628, 1058, 2116, 3174, 0.423200000000008, 0.634800000000004, 0.057131999999998885, 4232, 5290, 6348, 1058242, 1056184, 1058, 2116, undefined, 1493684979639
Sustainer, Armed, 1301.057999999975, 32.98940580000124, -106.97294420000628, 1058, 2116, 3174, 0.423200000000008, 0.634800000000004, 0.057131999999998885, 4232, 5290, 6348, 1058184, 1057184, 1058, 2116, undefined, 1493684979639
Booster, Armed, 1310.5899999999904, 32.98940590000124, -106.97294410000629, 1059, 2118, 3177, 0.423600000000008, 0.6354000000000041, 0.057185999999998884, 4236, 5295, 6354, 1059241, 1057182, 1059, 2118, undefined, 1493684979659
Sustainer, Armed, 1301.058999999975, 32.98940590000124, -106.97294410000629, 1059, 2118, 3177, 0.423600000000008, 0.6354000000000041, 0.057185999999998884, 4236, 5295, 6354, 1059182, 1058182, 1059, 2118, undefined, 1493684979659
Booster, Armed, 1310.5999999999904, 32.98940600000124, -106.9729440000063, 1060, 2120, 3180, 0.42400000000000804, 0.6360000000000041, 0.05723999999999888, 4240, 5300, 6360, 1060240, 1058180, 1060, 2120, undefined, 1493684979679
Sustainer, Armed, 1301.059999999975, 32.98940600000124, -106.9729440000063, 1060, 2120, 3180, 0.42400000000000804, 0.6360000000000041, 0.05723999999999888, 4240, 5300, 6360, 1060180, 1059180, 1060, 2120, undefined, 1493684979679
Booster, Armed, 1310.6099999999904, 32.98940610000124, -106.9729439000063, 1061, 2122, 3183, 0.42440000000000805, 0.6366000000000042, 0.05729399999999888, 4244, 5305, 6366, 1061239, 1059178, 1061, 2122, undefined, 1493684979699
Sustainer, Armed, 1301.060999999975, 32.98940610000124, -106.9729439000063, 1061, 2122, 3183, 0.42440000000000805, 0.6366000000000042, 0.05729399999999888, 4244, 5305, 6366, 1061178, 1060178, 1061, 2122, undefined, 1493684979699
Booster, Armed, 1310.6199999999903, 32.98940620000124, -106.9729438000063, 1062, 2124, 3186, 0.42480000000000806, 0.6372000000000042, 0.05734799999999888, 4248, 5310, 6372, 1062238, 1060176, 1062, 2124, undefined, 1493684979719
Sustainer, Armed, 1301.061999999975, 32.98940620000124, -106.9729438000063, 1062, 2124, 3186, 0.42480000000000806, 0.6372000000000042, 0.05734799999999888, 4248, 5310, 6372, 1062176, 1061176, 1062, 2124, undefined, 1493684979719
Booster, Armed, 1310.6299999999903, 32.98940630000124, -106.97294370000631, 1063, 2126, 3189, 0.42520000000000807, 0.6378000000000043, 0.05740199999999888, 4252, 5315, 6378, 1063237, 1061174, 1063, 2126, undefined, 1493684979740
Sustainer, Armed, 1301.0629999999749, 32.98940630000124, -106.97294370000631, 1063, 2126, 3189, 0.42520000000000807, 0.6378000000000043, 0.05740199999999888, 4252, 5315, 6378, 1063174, 1062174, 1063, 2126, undefined, 1493684979740
Booster, Armed, 1310.6399999999903, 32.98940640000124, -106.97294360000632, 1064, 2128, 3192, 0.4256000000000081, 0.6384000000000043, 0.057455999999998876, 4256, 5320, 6384, 1064236, 1062172, 1064, 2128, undefined, 1493684979760
Sustainer, Armed, 1301.0639999999748, 32.98940640000124, -106.97294360000632, 1064, 2128, 3192, 0.4256000000000081, 0.6384000000000043, 0.057455999999998876, 4256, 5320, 6384, 1064172, 1063172, 1064, 2128, undefined, 1493684979760
Booster, Armed, 1310.6499999999903, 32.989406500001245, -106.97294350000632, 1065, 2130, 3195, 0.4260000000000081, 0.6390000000000043, 0.057509999999998875, 4260, 5325, 6390, 1065235, 1063170, 1065, 2130, undefined, 1493684979781
Sustainer, Armed, 1301.0649999999748, 32.989406500001245, -106.97294350000632, 1065, 2130, 3195, 0.4260000000000081, 0.6390000000000043, 0.057509999999998875, 4260, 5325, 6390, 1065170, 1064170, 1065, 2130, undefined, 1493684979781
Booster, Armed, 1310.6599999999903, 32.989406600001246, -106.97294340000633, 1066, 2132, 3198, 0.4264000000000081, 0.6396000000000044, 0.05756399999999887, 4264, 5330, 6396, 1066234, 1064168, 1066, 2132, undefined, 1493684979803
Sustainer, Armed, 1301.0659999999748, 32.989406600001246, -106.97294340000633, 1066, 2132, 3198, 0.4264000000000081, 0.6396000000000044, 0.05756399999999887, 4264, 5330, 6396, 1066168, 1065168, 1066, 2132, undefined, 1493684979803
Booster, Armed, 1310.6699999999903, 32.98940670000125, -106.97294330000634, 1067, 2134, 3201, 0.4268000000000081, 0.6402000000000044, 0.05761799999999887, 4268, 5335, 6402, 1067233, 1065166, 1067, 2134, undefined, 1493684979824
Sustainer, Armed, 1301.0669999999748, 32.98940670000125, -106.97294330000634, 1067, 2134, 3201, 0.4268000000000081, 0.6402000000000044, 0.05761799999999887, 4268, 5335, 6402, 1067166, 1066166, 1067, 2134, undefined, 1493684979824
Booster, Armed, 1310.6799999999903, 32.98940680000125, -106.97294320000634, 1068, 2136, 3204, 0.42720000000000813, 0.6408000000000045, 0.05767199999999887, 4272, 5340, 6408, 1068232, 1066164, 1068, 2136, undefined, 1493684979844
Sustainer, Armed, 1301.0679999999747, 32.98940680000125, -106.97294320000634, 1068, 2136, 3204, 0.42720000000000813, 0.6408000000000045, 0.05767199999999887, 4272, 5340, 6408, 1068164, 1067164, 1068, 2136, undefined, 1493684979844
Booster, Armed, 1310.6899999999903, 32.98940690000125, -106.97294310000635, 1069, 2138, 3207, 0.42760000000000814, 0.6414000000000045, 0.05772599999999887, 4276, 5345, 6414, 1069231, 1067162, 1069, 2138, undefined, 1493684979864
Sustainer, Armed, 1301.0689999999747, 32.98940690000125, -106.97294310000635, 1069, 2138, 3207, 0.42760000000000814, 0.6414000000000045, 0.05772599999999887, 4276, 5345, 6414, 1069162, 1068162, 1069, 2138, undefined, 1493684979864
Booster, Armed, 1310.6999999999903, 32.98940700000125, -106.97294300000635, 1070, 2140, 3210, 0.42800000000000815, 0.6420000000000046, 0.05777999999999887, 4280, 5350, 6420, 1070230, 1068160, 1070, 2140, undefined, 1493684979884
Sustainer, Armed, 1301.0699999999747, 32.98940700000125, -106.97294300000635, 1070, 2140, 3210, 0.42800000000000815, 0.6420000000000046, 0.05777999999999887, 4280, 5350, 6420, 1070160, 1069160, 1070, 2140, undefined, 1493684979884
Booster, Armed, 1310.7099999999903, 32.98940710000125, -106.97294290000636, 1071, 2142, 3213, 0.42840000000000816, 0.6426000000000046, 0.057833999999998865, 4284, 5355, 6426, 1071229, 1069158, 1071, 2142, undefined, 1493684979904
Sustainer, Armed, 1301.0709999999747, 32.98940710000125, -106.97294290000636, 1071, 2142, 3213, 0.42840000000000816, 0.6426000000000046, 0.057833999999998865, 4284, 5355, 6426, 1071158, 1070158, 1071, 2142, undefined, 1493684979904
Booster, Armed, 1310.7199999999903, 32.98940720000125, -106.97294280000636, 1072, 2144, 3216, 0.4288000000000082, 0.6432000000000047, 0.057887999999998864, 4288, 5360, 6432, 1072228, 1070156, 1072, 2144, undefined, 1493684979924
Sustainer, Armed, 1301.0719999999747, 32.98940720000125, -106.97294280000636, 1072, 2144, 3216, 0.4288000000000082, 0.6432000000000047, 0.057887999999998864, 4288, 5360, 6432, 1072156, 1071156, 1072, 2144, undefined, 1493684979924
Booster, Armed, 1310.7299999999902, 32.989407300001254, -106.97294270000637, 1073, 2146, 3219, 0.4292000000000082, 0.6438000000000047, 0.05794199999999886, 4292, 5365, 6438, 1073227, 1071154, 1073, 2146, undefined, 1493684979945
Sustainer, Armed, 1301.0729999999746, 32.989407300001254, -106.97294270000637, 1073, 2146, 3219, 0.4292000000000082, 0.6438000000000047, 0.05794199999999886, 4292, 5365, 6438, 1073154, 1072154, 1073, 2146, undefined, 1493684979945
Booster, Armed, 1310.7399999999902, 32.989407400001255, -106.97294260000638, 1074, 2148, 3222, 0.4296000000000082, 0.6444000000000047, 0.05799599999999886, 4296, 5370, 6444, 1074226, 1072152, 1074, 2148, undefined, 1493684979965
Sustainer, Armed, 1301.0739999999746, 32.989407400001255, -106.97294260000638, 1074, 2148, 3222, 0.4296000000000082, 0.6444000000000047, 0.05799599999999886, 4296, 5370, 6444, 1074152, 1073152, 1074, 2148, undefined, 1493684979965
Booster, Armed, 1310.7499999999902, 32.989407500001256, -106.97294250000638, 1075, 2150, 3225, 0.4300000000000082, 0.6450000000000048, 0.05804999999999886, 4300, 5375, 6450, 1075225, 1073150, 1075, 2150, undefined, 1493684979986
Sustainer, Armed, 1301.0749999999746, 32.989407500001256, -106.97294250000638, 1075, 2150, 3225, 0.4300000000000082, 0.6450000000000048, 0.05804999999999886, 4300, 5375, 6450, 1075150, 1074150, 1075, 2150, undefined, 1493684979986
Booster, Armed, 1310.7599999999902, 32.98940760000126, -106.97294240000639, 1076, 2152, 3228, 0.4304000000000082, 0.6456000000000048, 0.05810399999999886, 4304, 5380, 6456, 1076224, 1074148, 1076, 2152, undefined, 1493684980007
Sustainer, Armed, 1301.0759999999746, 32.98940760000126, -106.97294240000639, 1076, 2152, 3228, 0.4304000000000082, 0.6456000000000048, 0.05810399999999886, 4304, 5380, 6456, 1076148, 1075148, 1076, 2152, undefined, 1493684980007
Booster, Armed, 1310.7699999999902, 32.98940770000126, -106.9729423000064, 1077, 2154, 3231, 0.43080000000000823, 0.6462000000000049, 0.058157999999998856, 4308, 5385, 6462, 1077223, 1075146, 1077, 2154, undefined, 1493684980028
Sustainer, Armed, 1301.0769999999745, 32.98940770000126, -106.9729423000064, 1077, 2154, 3231, 0.43080000000000823, 0.6462000000000049, 0.058157999999998856, 4308, 5385, 6462, 1077146, 1076146, 1077, 2154, undefined, 1493684980028
Booster, Armed, 1310.7799999999902, 32.98940780000126, -106.9729422000064, 1078, 2156, 3234, 0.43120000000000824, 0.6468000000000049, 0.058211999999998855, 4312, 5390, 6468, 1078222, 1076144, 1078, 2156, undefined, 1493684980050
Sustainer, Armed, 1301.0779999999745, 32.98940780000126, -106.9729422000064, 1078, 2156, 3234, 0.43120000000000824, 0.6468000000000049, 0.058211999999998855, 4312, 5390, 6468, 1078144, 1077144, 1078, 2156, undefined, 1493684980050
Booster, Armed, 1310.7899999999902, 32.98940790000126, -106.9729421000064, 1079, 2158, 3237, 0.43160000000000825, 0.647400000000005, 0.05826599999999885, 4316, 5395, 6474, 1079221, 1077142, 1079, 2158, undefined, 1493684980071
Sustainer, Armed, 1301.0789999999745, 32.98940790000126, -106.9729421000064, 1079, 2158, 3237, 0.43160000000000825, 0.647400000000005, 0.05826599999999885, 4316, 5395, 6474, 1079142, 1078142, 1079, 2158, undefined, 1493684980071
Booster, Armed, 1310.7999999999902, 32.98940800000126, -106.97294200000641, 1080, 2160, 3240, 0.43200000000000827, 0.648000000000005, 0.05831999999999885, 4320, 5400, 6480, 1080220, 1078140, 1080, 2160, undefined, 1493684980092
Sustainer, Armed, 1301.0799999999745, 32.98940800000126, -106.97294200000641, 1080, 2160, 3240, 0.43200000000000827, 0.648000000000005, 0.05831999999999885, 4320, 5400, 6480, 1080140, 1079140, 1080, 2160, undefined, 1493684980092
Booster, Armed, 1310.8099999999902, 32.98940810000126, -106.97294190000642, 1081, 2162, 3243, 0.4324000000000083, 0.6486000000000051, 0.05837399999999885, 4324, 5405, 6486, 1081219, 1079138, 1081, 2162, undefined, 1493684980113
Sustainer, Armed, 1301.0809999999744, 32.98940810000126, -106.97294190000642, 1081, 2162, 3243, 0.4324000000000083, 0.6486000000000051, 0.05837399999999885, 4324, 5405, 6486, 1081138, 1080138, 1081, 2162, undefined, 1493684980113
Booster, Armed, 1310.8199999999902, 32.989408200001265, -106.97294180000642, 1082, 2164, 3246, 0.4328000000000083, 0.6492000000000051, 0.05842799999999885, 4328, 5410, 6492, 1082218, 1080136, 1082, 2164, undefined, 1493684980134
Sustainer, Armed, 1301.0819999999744, 32.989408200001265, -106.97294180000642, 1082, 2164, 3246, 0.4328000000000083, 0.6492000000000051, 0.05842799999999885, 4328, 5410, 6492, 1082136, 1081136, 1082, 2164, undefined, 1493684980134
Booster, Armed, 1310.8299999999902, 32.989408300001266, -106.97294170000643, 1083, 2166, 3249, 0.4332000000000083, 0.6498000000000052, 0.05848199999999885, 4332, 5415, 6498, 1083217, 1081134, 1083, 2166, undefined, 1493684980155
Sustainer, Armed, 1301.0829999999744, 32.989408300001266, -106.97294170000643, 1083, 2166, 3249, 0.4332000000000083, 0.6498000000000052, 0.05848199999999885, 4332, 5415, 6498, 1083134, 1082134, 1083, 2166, undefined, 1493684980155
Booster, Armed, 1310.8399999999901, 32.98940840000127, -106.97294160000644, 1084, 2168, 3252, 0.4336000000000083, 0.6504000000000052, 0.058535999999998846, 4336, 5420, 6504, 1084216, 1082132, 1084, 2168, undefined, 1493684980177
Sustainer, Armed, 1301.0839999999744, 32.98940840000127, -106.97294160000644, 1084, 2168, 3252, 0.4336000000000083, 0.6504000000000052, 0.058535999999998846, 4336, 5420, 6504, 1084132, 1083132, 1084, 2168, undefined, 1493684980177
Booster, Armed, 1310.8499999999901, 32.98940850000127, -106.97294150000644, 1085, 2170, 3255, 0.4340000000000083, 0.6510000000000052, 0.058589999999998844, 4340, 5425, 6510, 1085215, 1083130, 1085, 2170, undefined, 1493684980198
Sustainer, Armed, 1301.0849999999743, 32.98940850000127, -106.97294150000644, 1085, 2170, 3255, 0.4340000000000083, 0.6510000000000052, 0.058589999999998844, 4340, 5425, 6510, 1085130, 1084130, 1085, 2170, undefined, 1493684980198
Booster, Armed, 1310.8599999999901, 32.98940860000127, -106.97294140000645, 1086, 2172, 3258, 0.43440000000000834, 0.6516000000000053, 0.05864399999999884, 4344, 5430, 6516, 1086214, 1084128, 1086, 2172, undefined, 1493684980218
Sustainer, Armed, 1301.0859999999743, 32.98940860000127, -106.97294140000645, 1086, 2172, 3258, 0.43440000000000834, 0.6516000000000053, 0.05864399999999884, 4344, 5430, 6516, 1086128, 1085128, 1086, 2172, undefined, 1493684980218
Booster, Armed, 1310.8699999999901, 32.98940870000127, -106.97294130000645, 1087, 2174, 3261, 0.43480000000000835, 0.6522000000000053, 0.05869799999999884, 4348, 5435, 6522, 1087213, 1085126, 1087, 2174, undefined, 1493684980238
Sustainer, Armed, 1301.0869999999743, 32.98940870000127, -106.97294130000645, 1087, 2174, 3261, 0.43480000000000835, 0.6522000000000053, 0.05869799999999884, 4348, 5435, 6522, 1087126, 1086126, 1087, 2174, undefined, 1493684980238
Booster, Armed, 1310.87999999999, 32.98940880000127, -106.97294120000646, 1088, 2176, 3264, 0.43520000000000836, 0.6528000000000054, 0.05875199999999884, 4352, 5440, 6528, 1088212, 1086124, 1088, 2176, undefined, 1493684980258
Sustainer, Armed, 1301.0879999999743, 32.98940880000127, -106.97294120000646, 1088, 2176, 3264, 0.43520000000000836, 0.6528000000000054, 0.05875199999999884, 4352, 5440, 6528, 1088124, 1087124, 1088, 2176, undefined, 1493684980258
Booster, Armed, 1310.88999999999, 32.98940890000127, -106.97294110000647, 1089, 2178, 3267, 0.43560000000000837, 0.6534000000000054, 0.05880599999999884, 4356, 5445, 6534, 1089211, 1087122, 1089, 2178, undefined, 1493684980278
Sustainer, Armed, 1301.0889999999742, 32.98940890000127, -106.97294110000647, 1089, 2178, 3267, 0.43560000000000837, 0.6534000000000054, 0.05880599999999884, 4356, 5445, 6534, 1089122, 1088122, 1089, 2178, undefined, 1493684980278
Booster, Armed, 1310.89999999999, 32.989409000001274, -106.97294100000647, 1090, 2180, 3270, 0.4360000000000084, 0.6540000000000055, 0.05885999999999884, 4360, 5450, 6540, 1090210, 1088120, 1090, 2180, undefined, 1493684980298
Sustainer, Armed, 1301.0899999999742, 32.989409000001274, -106.97294100000647, 1090, 2180, 3270, 0.4360000000000084, 0.6540000000000055, 0.05885999999999884, 4360, 5450, 6540, 1090120, 1089120, 1090, 2180, undefined, 1493684980298
Booster, Armed, 1310.90999999999, 32.989409100001275, -106.97294090000648, 1091, 2182, 3273, 0.4364000000000084, 0.6546000000000055, 0.058913999999998835, 4364, 5455, 6546, 1091209, 1089118, 1091, 2182, undefined, 1493684980318
Sustainer, Armed, 1301.0909999999742, 32.989409100001275, -106.97294090000648, 1091, 2182, 3273, 0.4364000000000084, 0.6546000000000055, 0.058913999999998835, 4364, 5455, 6546, 1091118, 1090118, 1091, 2182, undefined, 1493684980318
Booster, Armed, 1310.91999999999, 32.989409200001276, -106.97294080000648, 1092, 2184, 3276, 0.4368000000000084, 0.6552000000000056, 0.058967999999998834, 4368, 5460, 6552, 1092208, 1090116, 1092, 2184, undefined, 1493684980338
Sustainer, Armed, 1301.0919999999742, 32.989409200001276, -106.97294080000648, 1092, 2184, 3276, 0.4368000000000084, 0.6552000000000056, 0.058967999999998834, 4368, 5460, 6552, 1092116, 1091116, 1092, 2184, undefined, 1493684980338
Booster, Armed, 1310.92999999999, 32.98940930000128, -106.97294070000649, 1093, 2186, 3279, 0.4372000000000084, 0.6558000000000056, 0.05902199999999883, 4372, 5465, 6558, 1093207, 1091114, 1093, 2186, undefined, 1493684980358
Sustainer, Armed, 1301.0929999999742, 32.98940930000128, -106.97294070000649, 1093, 2186, 3279, 0.4372000000000084, 0.6558000000000056, 0.05902199999999883, 4372, 5465, 6558, 1093114, 1092114, 1093, 2186, undefined, 1493684980358
Booster, Armed, 1310.93999999999, 32.98940940000128, -106.9729406000065, 1094, 2188, 3282, 0.4376000000000084, 0.6564000000000056, 0.05907599999999883, 4376, 5470, 6564, 1094206, 1092112, 1094, 2188, undefined, 1493684980378
Sustainer, Armed, 1301.0939999999741, 32.98940940000128, -106.9729406000065, 1094, 2188, 3282, 0.4376000000000084, 0.6564000000000056, 0.05907599999999883, 4376, 5470, 6564, 1094112, 1093112, 1094, 2188, undefined, 1493684980378
Booster, Armed, 1310.94999999999, 32.98940950000128, -106.9729405000065, 1095, 2190, 3285, 0.43800000000000844, 0.6570000000000057, 0.05912999999999883, 4380, 5475, 6570, 1095205, 1093110, 1095, 2190, undefined, 1493684980398
Sustainer, Armed, 1301.094999999974, 32.98940950000128, -106.9729405000065, 1095, 2190, 3285, 0.43800000000000844, 0.6570000000000057, 0.05912999999999883, 4380, 5475, 6570, 1095110, 1094110, 1095, 2190, undefined, 1493684980398
Booster, Armed, 1310.95999999999, 32.98940960000128, -106.97294040000651, 1096, 2192, 3288, 0.43840000000000845, 0.6576000000000057, 0.05918399999999883, 4384, 5480, 6576, 1096204, 1094108, 1096, 2192, undefined, 1493684980418
Sustainer, Armed, 1301.095999999974, 32.98940960000128, -106.97294040000651, 1096, 2192, 3288, 0.43840000000000845, 0.6576000000000057, 0.05918399999999883, 4384, 5480, 6576, 1096108, 1095108, 1096, 2192, undefined, 1493684980418
Booster, Armed, 1310.96999999999, 32.98940970000128, -106.97294030000651, 1097, 2194, 3291, 0.43880000000000846, 0.6582000000000058, 0.059237999999998826, 4388, 5485, 6582, 1097203, 1095106, 1097, 2194, undefined, 1493684980438
Sustainer, Armed, 1301.096999999974, 32.98940970000128, -106.97294030000651, 1097, 2194, 3291, 0.43880000000000846, 0.6582000000000058, 0.059237999999998826, 4388, 5485, 6582, 1097106, 1096106, 1097, 2194, undefined, 1493684980438
Booster, Armed, 1310.97999999999, 32.98940980000128, -106.97294020000652, 1098, 2196, 3294, 0.4392000000000085, 0.6588000000000058, 0.059291999999998825, 4392, 5490, 6588, 1098202, 1096104, 1098, 2196, undefined, 1493684980458
Sustainer, Armed, 1301.097999999974, 32.98940980000128, -106.97294020000652, 1098, 2196, 3294, 0.4392000000000085, 0.6588000000000058, 0.059291999999998825, 4392, 5490, 6588, 1098104, 1097104, 1098, 2196, undefined, 1493684980458
Booster, Armed, 1310.98999999999, 32.989409900001284, -106.97294010000653, 1099, 2198, 3297, 0.4396000000000085, 0.6594000000000059, 0.05934599999999882, 4396, 5495, 6594, 1099201, 1097102, 1099, 2198, undefined, 1493684980478
Sustainer, Armed, 1301.098999999974, 32.989409900001284, -106.97294010000653, 1099, 2198, 3297, 0.4396000000000085, 0.6594000000000059, 0.05934599999999882, 4396, 5495, 6594, 1099102, 1098102, 1099, 2198, undefined, 1493684980478
Booster, Armed, 1310.99999999999, 32.989410000001286, -106.97294000000653, 1100, 2200, 3300, 0.4400000000000085, 0.6600000000000059, 0.05939999999999882, 4400, 5500, 6600, 1100200, 1098100, 1100, 2200, undefined, 1493684980498
Sustainer, Armed, 1301.099999999974, 32.989410000001286, -106.97294000000653, 1100, 2200, 3300, 0.4400000000000085, 0.6600000000000059, 0.05939999999999882, 4400, 5500, 6600, 1100100, 1099100, 1100, 2200, undefined, 1493684980498
Booster, Armed, 1311.00999999999, 32.98941010000129, -106.97293990000654, 1101, 2202, 3303, 0.4404000000000085, 0.660600000000006, 0.05945399999999882, 4404, 5505, 6606, 1101199, 1099098, 1101, 2202, undefined, 1493684980518
Sustainer, Armed, 1301.100999999974, 32.98941010000129, -106.97293990000654, 1101, 2202, 3303, 0.4404000000000085, 0.660600000000006, 0.05945399999999882, 4404, 5505, 6606, 1101098, 1100098, 1101, 2202, undefined, 1493684980518
Booster, Armed, 1311.01999999999, 32.98941020000129, -106.97293980000654, 1102, 2204, 3306, 0.4408000000000085, 0.661200000000006, 0.05950799999999882, 4408, 5510, 6612, 1102198, 1100096, 1102, 2204, undefined, 1493684980538
Sustainer, Armed, 1301.101999999974, 32.98941020000129, -106.97293980000654, 1102, 2204, 3306, 0.4408000000000085, 0.661200000000006, 0.05950799999999882, 4408, 5510, 6612, 1102096, 1101096, 1102, 2204, undefined, 1493684980538
Booster, Armed, 1311.02999999999, 32.98941030000129, -106.97293970000655, 1103, 2206, 3309, 0.44120000000000853, 0.661800000000006, 0.05956199999999882, 4412, 5515, 6618, 1103197, 1101094, 1103, 2206, undefined, 1493684980558
Sustainer, Armed, 1301.102999999974, 32.98941030000129, -106.97293970000655, 1103, 2206, 3309, 0.44120000000000853, 0.661800000000006, 0.05956199999999882, 4412, 5515, 6618, 1103094, 1102094, 1103, 2206, undefined, 1493684980558
Booster, Armed, 1311.03999999999, 32.98941040000129, -106.97293960000655, 1104, 2208, 3312, 0.44160000000000854, 0.6624000000000061, 0.059615999999998816, 4416, 5520, 6624, 1104196, 1102092, 1104, 2208, undefined, 1493684980578
Sustainer, Armed, 1301.103999999974, 32.98941040000129, -106.97293960000655, 1104, 2208, 3312, 0.44160000000000854, 0.6624000000000061, 0.059615999999998816, 4416, 5520, 6624, 1104092, 1103092, 1104, 2208, undefined, 1493684980578
Booster, Armed, 1311.04999999999, 32.98941050000129, -106.97293950000656, 1105, 2210, 3315, 0.44200000000000855, 0.6630000000000061, 0.059669999999998814, 4420, 5525, 6630, 1105195, 1103090, 1105, 2210, undefined, 1493684980598
Sustainer, Armed, 1301.1049999999739, 32.98941050000129, -106.97293950000656, 1105, 2210, 3315, 0.44200000000000855, 0.6630000000000061, 0.059669999999998814, 4420, 5525, 6630, 1105090, 1104090, 1105, 2210, undefined, 1493684980598
Booster, Armed, 1311.05999999999, 32.98941060000129, -106.97293940000657, 1106, 2212, 3318, 0.44240000000000856, 0.6636000000000062, 0.05972399999999881, 4424, 5530, 6636, 1106194, 1104088, 1106, 2212, undefined, 1493684980618
Sustainer, Armed, 1301.1059999999738, 32.98941060000129, -106.97293940000657, 1106, 2212, 3318, 0.44240000000000856, 0.6636000000000062, 0.05972399999999881, 4424, 5530, 6636, 1106088, 1105088, 1106, 2212, undefined, 1493684980618
Booster, Armed, 1311.06999999999, 32.989410700001294, -106.97293930000657, 1107, 2214, 3321, 0.4428000000000086, 0.6642000000000062, 0.05977799999999881, 4428, 5535, 6642, 1107193, 1105086, 1107, 2214, undefined, 1493684980638
Sustainer, Armed, 1301.1069999999738, 32.989410700001294, -106.97293930000657, 1107, 2214, 3321, 0.4428000000000086, 0.6642000000000062, 0.05977799999999881, 4428, 5535, 6642, 1107086, 1106086, 1107, 2214, undefined, 1493684980638
Booster, Armed, 1311.07999999999, 32.989410800001295, -106.97293920000658, 1108, 2216, 3324, 0.4432000000000086, 0.6648000000000063, 0.05983199999999881, 4432, 5540, 6648, 1108192, 1106084, 1108, 2216, undefined, 1493684980658
Sustainer, Armed, 1301.1079999999738, 32.989410800001295, -106.97293920000658, 1108, 2216, 3324, 0.4432000000000086, 0.6648000000000063, 0.05983199999999881, 4432, 5540, 6648, 1108084, 1107084, 1108, 2216, undefined, 1493684980658
Booster, Armed, 1311.08999999999, 32.989410900001296, -106.97293910000658, 1109, 2218, 3327, 0.4436000000000086, 0.6654000000000063, 0.05988599999999881, 4436, 5545, 6654, 1109191, 1107082, 1109, 2218, undefined, 1493684980678
